1.000000000000000000e+00 2.089515357074069186e+02
1.004620421346812842e+00 1.995379689650359865e+02
1.009262190987047614e+00 1.905484969224867200e+02
1.013925407558815106e+00 1.819640135045231659e+02
1.018610170155975769e+00 1.737662733920352878e+02
1.023316578330244919e+00 1.659378532437405340e+02
1.028044732093309266e+00 1.584621146649010086e+02
1.032794731918951658e+00 1.513231688443539156e+02
1.037566678745185822e+00 1.445058427846970801e+02
1.042360673976401531e+00 1.379956470538500923e+02
1.047176819485520216e+00 1.317787449894541965e+02
1.052015217616158571e+00 1.258419232906601763e+02
1.056875971184804142e+00 1.201725639347961874e+02
1.061759183483000024e+00 1.147586173592314793e+02
1.066664958279539333e+00 1.095885768514362297e+02
1.071593399822671211e+00 1.046514540928030215e+02
1.076544612842315507e+00 9.993675580425703231e+01
1.081518702552288325e+00 9.543446144401499964e+01
1.086515774652538235e+00 9.113500191009006812e+01
1.091535935331391594e+00 8.702923920228184329e+01
1.096579291267809841e+00 8.310844700042109423e+01
1.101645949633656585e+00 7.936429211759320879e+01
1.106736018095973551e+00 7.578881678892115303e+01
1.111849604819270754e+00 7.237442175826269875e+01
1.116986818467823106e+00 6.911385012687759399e+01
1.122147768207980345e+00 6.600017192973514568e+01
1.127332563710486735e+00 6.302676940668072092e+01
1.132541315152811867e+00 6.018732293715766701e+01
1.137774133221491235e+00 5.747579760859090214e+01
1.143031129114479238e+00 5.488643038988284673e+01
1.148312414543511073e+00 5.241371788276279631e+01
1.153618101736478163e+00 5.005240462495499543e+01
1.158948303439810923e+00 4.779747192030657743e+01
1.164303132920876616e+00 4.564412717213271975e+01
1.169682703970385207e+00 4.358779369711196239e+01
1.175087130904807653e+00 4.162410099807856767e+01
1.180516528568805068e+00 3.974887547504016538e+01
1.185971012337669661e+00 3.795813155467752154e+01
1.191450698119775886e+00 3.624806321947269794e+01
1.196955702359043361e+00 3.461503591846262395e+01
1.202486142037412220e+00 3.305557884242416833e+01
1.208042134677328461e+00 3.156637754707406529e+01
1.213623798344240834e+00 3.014426690860356928e+01
1.219231251649110614e+00 2.878622439657655718e+01
1.224864613750931364e+00 2.748936364989369352e+01
1.230524004359261570e+00 2.625092834216796334e+01
1.236209543736768612e+00 2.506828632347408714e+01
1.241921352701783610e+00 2.393892402602090641e+01
1.247659552630869584e+00 2.286044112185572885e+01
1.253424265461400067e+00 2.183054542124709485e+01
1.259215613694151026e+00 2.084704800090253940e+01
1.265033720395903449e+00 1.990785855166727458e+01
1.270878709202058587e+00 1.901098093581561699e+01
1.276750704319265628e+00 1.815450894449301700e+01
1.282649830528060475e+00 1.733662224629108195e+01
1.288576213185518071e+00 1.655558251834548145e+01
1.294529978227915601e+00 1.580972975173310680e+01
1.300511252173409016e+00 1.509747872331668006e+01
1.306520162124721107e+00 1.441731562653774645e+01
1.312556835771843344e+00 1.376779485399707958e+01
1.318621401394748593e+00 1.314753592498467150e+01
1.324713987866117160e+00 1.255522055142899873e+01
1.330834724654075041e+00 1.198958983602924278e+01
1.336983741824946392e+00 1.144944159661569394e+01
1.343161170046015984e+00 1.093362781105183501e+01
1.349367140588306757e+00 1.044105217724694157e+01
1.355601785329368481e+00 9.970667783093842829e+00
1.361865236756081732e+00 9.521474881379102584e+00
1.368157627967471646e+00 9.092518764936977860e+00
1.374479092677537428e+00 8.682887737530455396e+00
1.380829765218092531e+00 8.291711176147277484e+00
1.387209780541620585e+00 7.918157680592100789e+00
1.393619274224142446e+00 7.561433306442280511e+00
1.400058382468097440e+00 7.220779877611512632e+00
1.406527242105237052e+00 6.895473374935001232e+00
1.413025990599533932e+00 6.584822397350951206e+00
1.419554766050101113e+00 6.288166692408354130e+00
1.426113707194128777e+00 6.004875752977174130e+00
1.432702953409830782e+00 5.734347477179042585e+00
1.439322644719407185e+00 5.476006888689858521e+00
1.445972921792019861e+00 5.229304914694562711e+00
1.452653925946780777e+00 4.993717218896934540e+00
1.459365799155756704e+00 4.768743087103810119e+00
1.466108684046984356e+00 4.553904363015508494e+00
1.472882723907502633e+00 4.348744431960257728e+00
1.479688062686396410e+00 4.152827250412976845e+00
1.486524844997856754e+00 3.965736419235543320e+00
1.493393216124252243e+00 3.787074298668986483e+00
1.500293322019218278e+00 3.616461163196468487e+00
1.507225309310756378e+00 3.453534394481005521e+00
1.514189325304352129e+00 3.297947710662401999e+00
1.521185517986104463e+00 3.149370430375536767e+00
1.528214036025869804e+00 3.007486769925667769e+00
1.535275028780422657e+00 2.871995172126945217e+00
1.542368646296628176e+00 2.742607665377811976e+00
1.549495039314631839e+00 2.619049251610880980e+00
1.556654359271061550e+00 2.501057321816600343e+00
1.563846758302246842e+00 2.388381097898415018e+00
1.571072389247450296e+00 2.280781099673150791e+00
1.578331405652117381e+00 2.178028635883767716e+00
1.585623961771137402e+00 2.079905318142772686e+00
1.592950212572122437e+00 1.986202596773135598e+00
1.600310313738700696e+00 1.896721317560254860e+00
1.607704421673823436e+00 1.811271298472898472e+00
1.615132693503090522e+00 1.729670925453428598e+00
1.622595287078087534e+00 1.651746766418316303e+00
1.630092360979740640e+00 1.577333202648455224e+00
1.637624074521687900e+00 1.506272076785849290e+00
1.645190587753662559e+00 1.438412356688606897e+00
1.652792061464894768e+00 1.373609814429718412e+00
1.660428657187529966e+00 1.311726719757389636e+00
1.668100537200058797e+00 1.252631547365461007e+00
1.675807864530767688e+00 1.196198697351687601e+00
1.683550802961202297e+00 1.142308228269780290e+00
1.691329517029648066e+00 1.090845602207846321e+00
1.699144172034626310e+00 1.041701441351404300e+00
1.706994934038407408e+00 9.947712955135840085e-01
1.714881969870539757e+00 9.499554201384218244e-01
1.722805447131394052e+00 9.071585643054387305e-01
1.730765534195725097e+00 8.662897682849093339e-01
1.738762400216250725e+00 8.272621702135453114e-01
1.746796215127245366e+00 7.899928214797389270e-01
1.754867149648150937e+00 7.544025104259503012e-01
1.762975375287205715e+00 7.204155939935625863e-01
1.771121064345087870e+00 6.879598369523720613e-01
1.779304389918577867e+00 6.569662583730292438e-01
1.787525525904235080e+00 6.273689850161104919e-01
1.795784647002095724e+00 5.991051113262209071e-01
1.804081928719382777e+00 5.721145657335718893e-01
1.812417547374236992e+00 5.463399829788555540e-01
1.820791680099463017e+00 5.217265821900766154e-01
1.829204504846293267e+00 4.982220504521889803e-01
1.837656200388171124e+00 4.757764316220885470e-01
1.846146946324547677e+00 4.543420201526596758e-01
1.854676923084698670e+00 4.338732597001894176e-01
1.863246311931560317e+00 4.143266462996686994e-01
1.871855294965578675e+00 3.956606359021860309e-01
1.880504055128582319e+00 3.778355560778878242e-01
1.889192776207666347e+00 3.608135216968602066e-01
1.897921642839100809e+00 3.445583544086930350e-01
1.906690840512252461e+00 3.290355057496166524e-01
1.915500555573527608e+00 3.142119837137649085e-01
1.924350975230330940e+00 3.000562826325152699e-01
1.933242287555045236e+00 2.865383162128560812e-01
1.942174681489025723e+00 2.736293535924838038e-01
1.951148346846616866e+00 2.613019582756983539e-01
1.960163474319185362e+00 2.495299298203298433e-01
1.969220255479172232e+00 2.382882481517542006e-01
1.978318882784164234e+00 2.275530203856360456e-01
1.987459549580983031e+00 2.173014300463915471e-01
1.996642450109793909e+00 2.075116885734276662e-01
2.005867779508233806e+00 1.981629890120926440e-01
2.015135733815557550e+00 1.892354617909233205e-01
2.024446509976803643e+00 1.807101324911828122e-01
2.033800305846981349e+00 1.725688815189449221e-01
2.043197320195270894e+00 1.647944055940129826e-01
2.052637752709252084e+00 1.573701809738077273e-01
2.062121803999143577e+00 1.502804283340837821e-01
2.071649675602068807e+00 1.435100792318122487e-01
2.081221569986338338e+00 1.370447440789597515e-01
2.090837690555750417e+00 1.308706815590992278e-01
2.100498241653915077e+00 1.249747694218404370e-01
2.110203428568595552e+00 1.193444765930175011e-01
2.119953457536071006e+00 1.139678365413512307e-01
2.129748535745520144e+00 1.088334218449791141e-01
2.139588871343422127e+00 1.039303199038048436e-01
2.149474673437980154e+00 9.924810974603705260e-02
2.159406152103566345e+00 9.477683987962784440e-02
2.169383518385184395e+00 9.050700714153687987e-02
2.179406984302954875e+00 8.642953649986559461e-02
2.189476762856621406e+00 8.253576176593403757e-02
2.199593068030074594e+00 7.881740717530773266e-02
2.209756114795902171e+00 7.526656979862372809e-02
2.219966119119955117e+00 7.187570274483567889e-02
2.230223297965937768e+00 6.863759912117656237e-02
2.240527869300018793e+00 6.554537671574729718e-02
2.250880052095461270e+00 6.259246337017838890e-02
2.261280066337278516e+00 5.977258301127224421e-02
2.271728133026905461e+00 5.707974231194168357e-02
2.282224474186897556e+00 5.450821795309148537e-02
2.292769312865649223e+00 5.205254445936977059e-02
2.303362873142130951e+00 4.970750258293837182e-02
2.314005380130653045e+00 4.746810821056920981e-02
2.324697059985648018e+00 4.532960177049222272e-02
2.335438139906478749e+00 4.328743811648034373e-02
2.346228848142263068e+00 4.133727686767126042e-02
2.357069413996727647e+00 3.947497318359311641e-02
2.367960067833077442e+00 3.769656895478956660e-02
2.378901041078893552e+00 3.599828439031902555e-02
2.389892566231049731e+00 3.437650998424989640e-02
2.400934876860652434e+00 3.282779884407597409e-02
2.412028207618006626e+00 3.134885936474830076e-02
2.423172794237599348e+00 2.993654823275216162e-02
2.434368873543110823e+00 2.858786374536060812e-02
2.445616683452445983e+00 2.729993943086505767e-02
2.456916462982790872e+00 2.607003795622366005e-02
2.468268452255692136e+00 2.489554530917891667e-02
2.479672892502158721e+00 2.377396524247946119e-02
2.491130026067788883e+00 2.270291396839706211e-02
2.502640096417918514e+00 2.168011509226400874e-02
2.514203348142797445e+00 2.070339477426122801e-02
2.525820026962784404e+00 1.977067710917518317e-02
2.537490379733570389e+00 1.887997971430319458e-02
2.549214654451423367e+00 1.802940951613021814e-02
2.560993100258458721e+00 1.721715872682139103e-02
2.572825967447933238e+00 1.644150100197998288e-02
2.584713507469563520e+00 1.570078777150330646e-02
2.596655972934871048e+00 1.499344473573923156e-02
2.608653617622548104e+00 1.431796851949562223e-02
2.620706696483851683e+00 1.367292347679167908e-02
2.632815465648020936e+00 1.305693863955965928e-02
2.644980182427719484e+00 1.246870480381198631e-02
2.657201105324505264e+00 1.190697174708077802e-02
2.669478494034321248e+00 1.137054557121563482e-02
2.681812609453015028e+00 1.085828616489238792e-02
2.694203713681883272e+00 1.036910478043915652e-02
2.706652070033241486e+00 9.901961719830194505e-03
2.719157943036017322e+00 9.455864124928848105e-03
2.731721598441376742e+00 9.029863867283183590e-03
2.744343303228364839e+00 8.623055532989714125e-03
2.757023325609583519e+00 8.234574498341393906e-03
2.769761935036890943e+00 7.863595092170822323e-03
2.782559402207124499e+00 7.509328840982393977e-03
2.795415999067856649e+00 7.171022793143701744e-03
2.808331998823172082e+00 6.847957918574654711e-03
2.821307675939471959e+00 6.539447580532842599e-03
2.834343306151309250e+00 6.244836076247067824e-03
2.847439166467246263e+00 5.963497243297624130e-03
2.860595535175742388e+00 5.694833128780961429e-03
2.873812691851065804e+00 5.438272718430529548e-03
2.887090917359235842e+00 5.193270722992479951e-03
2.900430493863991543e+00 4.959306419276871165e-03
2.913831704832787306e+00 4.735882543421264003e-03
2.927294835042816512e+00 4.522524234014282767e-03
2.940820170587063132e+00 4.318778022833051101e-03
2.954407998880380859e+00 4.124210871049336508e-03
2.968058608665602449e+00 3.938409248855950957e-03
2.981772290019672145e+00 3.760978256557382868e-03
2.995549334359813631e+00 3.591540785256454749e-03
3.009390034449720197e+00 3.429736715353372527e-03
3.023294684405777311e+00 3.275222151153426523e-03
3.037263579703311400e+00 3.127668689956818356e-03
3.051297017182869720e+00 2.986762724076955956e-03
3.065395295056527303e+00 2.852204774303886744e-03
3.079558712914225893e+00 2.723708853396103382e-03
3.093787571730137742e+00 2.601001858248034627e-03
3.108082173869064047e+00 2.483822989441179709e-03
3.122442823092856923e+00 2.371923196945368607e-03
3.136869824566877352e+00 2.265064650791924050e-03
3.151363484866478437e+00 2.163020235593793479e-03
3.165924111983522415e+00 2.065573067838230928e-03
3.180552015332919868e+00 1.972516034926224352e-03
3.195247505759212014e+00 1.883651354978738970e-03
3.210010895543172538e+00 1.798790156474413485e-03
3.224842498408441394e+00 1.717752076825157688e-03
3.239742629528197249e+00 1.640364879036464120e-03
3.254711605531848129e+00 1.566464085637780989e-03
3.269749744511766476e+00 1.495892629104785378e-03
3.284857366030044634e+00 1.428500518030678332e-03
3.300034791125284528e+00 1.364144518336936817e-03
3.315282342319425091e+00 1.302687848845948031e-03
3.330600343624588788e+00 1.243999890568587164e-03
3.345989120549972995e+00 1.187955909088752498e-03
3.361449000108765794e+00 1.134436789454903527e-03
3.376980310825090648e+00 1.083328783015130321e-03
3.392583382740993692e+00 1.034523265657629008e-03
3.408258547423451912e+00 9.879165069428224970e-04
3.424006137971423946e+00 9.434094496363929850e-04
3.439826489022925315e+00 9.009074991746777745e-04
3.455719936762138733e+00 8.603203226149470483e-04
3.471686818926561280e+00 8.215616566432627169e-04
3.487727474814177775e+00 7.845491242318535906e-04
3.503842245290674118e+00 7.492040595563456999e-04
3.520031472796679939e+00 7.154513408007154253e-04
3.536295501355041893e+00 6.832192304946350892e-04
3.552634676578141359e+00 6.524392230438223359e-04
3.569049345675229468e+00 6.230458991294023563e-04
3.585539857459815849e+00 5.949767866667496352e-04
3.602106562357071162e+00 5.681722280283688998e-04
3.618749812411279354e+00 5.425752532485525557e-04
3.635469961293319674e+00 5.181314589403535108e-04
3.652267364308175335e+00 4.947888926675372400e-04
3.669142378402493243e+00 4.724979425257203394e-04
3.686095362172158829e+00 4.512112316980623479e-04
3.703126675869925943e+00 4.308835177613501389e-04
3.720236681413067625e+00 4.114715965285049826e-04
3.737425742391064176e+00 3.929342102231233084e-04
3.754694224073336084e+00 3.752319597908706540e-04
3.772042493416998266e+00 3.583272211613923409e-04
3.789470919074666710e+00 3.421840652827279968e-04
3.806979871402285998e+00 3.267681817583041127e-04
3.824569722466999000e+00 3.120468059241862332e-04
3.842240846055060111e+00 2.979886492115958936e-04
3.859993617679768008e+00 2.845638326467145904e-04
3.877828414589456152e+00 2.717438233463967206e-04
3.895745615775503268e+00 2.595013738748576490e-04
3.913745601980383793e+00 2.478104643324243448e-04
3.931828755705769396e+00 2.366462470532659985e-04
3.949995461220643822e+00 2.259849937945830947e-04
3.968246104569480792e+00 2.158040453049849114e-04
3.986581073580441004e+00 2.060817631648961541e-04
4.005000757873610873e+00 1.967974837966189974e-04
4.023505548869292348e+00 1.879314745462999203e-04
4.042095839796306933e+00 1.794648917444823216e-04
4.060772025700365440e+00 1.713797406560754115e-04
4.079534503452451055e+00 1.636588372346463414e-04
4.098383671757261482e+00 1.562857715997308171e-04
4.117319931161677715e+00 1.492448731595436473e-04
4.136343684063274573e+00 1.425211773049633813e-04
4.155455334718875626e+00 1.361003936039990587e-04
4.174655289253136559e+00 1.299688754291426426e-04
4.193943955667186252e+00 1.241135909530508940e-04
4.213321743847288303e+00 1.185220954509171097e-04
4.232789065573549614e+00 1.131825048506587838e-04
4.252346334528682270e+00 1.080834704747047422e-04
4.271993966306778745e+00 1.032141549197074384e-04
4.291732378422157268e+00 9.856420902290116063e-05
4.311561990318227622e+00 9.412374986616457088e-05
4.331483223376399572e+00 8.988333977103105988e-05
4.351496500925049915e+00 8.583396624000008267e-05
4.371602248248504630e+00 8.196702280152700672e-05
4.391800892596085859e+00 7.827429071796841915e-05
4.412092863191189096e+00 7.474792151761400119e-05
4.432478591240396781e+00 7.138042031367531444e-05
4.452958509942654963e+00 6.816462987477558077e-05
4.473533054498465056e+00 6.509371541309051201e-05
4.494202662119142211e+00 6.216115005780123047e-05
4.514967772036100335e+00 5.936070098299267458e-05
4.535828825510187734e+00 5.668641616050730590e-05
4.556786265841063610e+00 5.413261170960353969e-05
4.577840538376618973e+00 5.169385981652931659e-05
4.598992090522438403e+00 4.936497719833666392e-05
4.620241371751311554e+00 4.714101408641733679e-05
4.641588833612778409e+00 4.501724370634737227e-05
4.663034929742731372e+00 4.298915223167781613e-05
4.684580115873047568e+00 4.105242919032389817e-05
4.706224849841281532e+00 3.920295830315749877e-05
4.727969591600389876e+00 3.743680873533651056e-05
4.749814803228501248e+00 3.575022674177344342e-05
4.771760948938745805e+00 3.413962768898720559e-05
4.793808495089109556e+00 3.260158843638277218e-05
4.815957910192351754e+00 3.113284006076452807e-05
4.838209664925956055e+00 2.973026090862104778e-05
4.860564232142134955e+00 2.839086996141459735e-05
4.883022086877879531e+00 2.711182049977295410e-05
4.905583706365048258e+00 2.589039405311988464e-05
4.928249570040514449e+00 2.472399462188235318e-05
4.951020159556350109e+00 2.361014315999594205e-05
4.973895958790063965e+00 2.254647230598142134e-05
4.996877453854883910e+00 2.153072135139365561e-05
5.019965133110082078e+00 2.056073143594960539e-05
5.043159487171360311e+00 1.963444095912198506e-05
5.066461008921267606e+00 1.874988119844785557e-05
5.089870193519680619e+00 1.790517212523836407e-05
5.113387538414325917e+00 1.709851840879669265e-05
5.137013543351341305e+00 1.632820560065226004e-05
5.160748710385909099e+00 1.559259649069992808e-05
5.184593543892911605e+00 1.489012762750098136e-05
5.208548550577661196e+00 1.421930599534903454e-05
5.232614239486661489e+00 1.357870584103934174e-05
5.256791122018421802e+00 1.296696564359645571e-05
5.281079711934332011e+00 1.238278522051999312e-05
5.305480525369572931e+00 1.182492296439838071e-05
5.329994080844088877e+00 1.129219320401688855e-05
5.354620899273607293e+00 1.078346368435154170e-05
5.379361503980700121e+00 1.029765316009333628e-05
5.404216420705916235e+00 9.833729097586963721e-06
5.429186177618941400e+00 9.390705480301111862e-06
5.454271305329833730e+00 8.967640713165105464e-06
5.479472336900286678e+00 8.563635621318417462e-06
5.504789807854970185e+00 8.177831539019115870e-06
5.530224256192902033e+00 7.809408484650068988e-06
5.555776222398876030e+00 7.457583417943559823e-06
5.581446249454963926e+00 7.121608575720246523e-06
5.607234882852032420e+00 6.800769882605996995e-06
5.633142670601354318e+00 6.494385433347575753e-06
5.659170163246243668e+00 6.201804043502667483e-06
5.685317913873752182e+00 5.922403865423246460e-06
5.711586478126432276e+00 5.655591066590761538e-06
5.737976414214133847e+00 5.400798567494432207e-06
5.764488282925876561e+00 5.157484836369714433e-06
5.791122647641759436e+00 4.925132738235733964e-06
5.817880074344933483e+00 4.703248435785149321e-06
5.844761131633634754e+00 4.491360339790425011e-06
5.871766390733255570e+00 4.289018106795984144e-06
5.898896425508496577e+00 4.095791681965601917e-06
5.926151812475554337e+00 3.911270385050985213e-06
5.953533130814368413e+00 3.735062037538805989e-06
5.981040962380941295e+00 3.566792129120883909e-06
6.008675891719686746e+00 3.406103021716296522e-06
6.036438506075866961e+00 3.252653189353179413e-06
6.064329395408063483e+00 3.106116492295166739e-06
6.092349152400710288e+00 2.966181483869373794e-06
6.120498372476699700e+00 2.832550748522736063e-06
6.148777653810022947e+00 2.704940269699990989e-06
6.177187597338491543e+00 2.583078826199508389e-06
6.205728806776502182e+00 2.466707415724285522e-06
6.234401888627862043e+00 2.355578704402745304e-06
6.263207452198689573e+00 2.249456501109372587e-06
6.292146109610343707e+00 2.148115255468068912e-06
6.321218475812451665e+00 2.051339578471037088e-06
6.350425168595963399e+00 1.958923784694606281e-06
6.379766808606280648e+00 1.870671455138808628e-06
6.409244019356453492e+00 1.786395019761676794e-06
6.438857427240419540e+00 1.705915358821002633e-06
6.468607661546325716e+00 1.629061422176170175e-06
6.498495354469890017e+00 1.555669865741042914e-06
6.528521141127845873e+00 1.485584704315120830e-06
6.558685659571431792e+00 1.418656980055181102e-06
6.588989550799949413e+00 1.354744445882762171e-06
6.619433458774392598e+00 1.293711263154533205e-06
6.650018030431120053e+00 1.235427712953134204e-06
6.680743915695613211e+00 1.179769920384699981e-06
6.711611767496282965e+00 1.126619591297220008e-06
6.742622241778342129e+00 1.075863760860110058e-06
6.773775997517749836e+00 1.027394553470618853e-06
6.805073696735208344e+00 9.811089534768162228e-07
6.836516004510237110e+00 9.369085862298186692e-07
6.868103588995303710e+00 8.946995089999435699e-07
6.899837121430018705e+00 8.543920113123886679e-07
6.931717276155406005e+00 8.159004242780619078e-07
6.963744730628223856e+00 7.791429385143539719e-07
6.995920165435372873e+00 7.440414302688143066e-07
7.028244264308349365e+00 7.105212953762306193e-07
7.060717714137773271e+00 6.785112906961708999e-07
7.093341204987995141e+00 6.479433826939783320e-07
7.126115430111747528e+00 6.187526028434382659e-07
7.159041085964886086e+00 5.908769095437328076e-07
7.192118872221189285e+00 5.642570562572519656e-07
7.225349491787214085e+00 5.388364655879919162e-07
7.258733650817251082e+00 5.145611090328786122e-07
7.292272058728314299e+00 4.913793921504902938e-07
7.325965428215230446e+00 4.692420449030802056e-07
7.359814475265767264e+00 4.481020169388589981e-07
7.393819919175865785e+00 4.279143775919453427e-07
7.427982482564916111e+00 4.086362203874796532e-07
7.462302891391109583e+00 3.902265718489102070e-07
7.496781874966877091e+00 3.726463044136408948e-07
7.531420165974371805e+00 3.558580532719616756e-07
7.566218500481054932e+00 3.398261369524925780e-07
7.601177617955328536e+00 3.245164814853800445e-07
7.636298261282243871e+00 3.098965479820455621e-07
7.671581176779302069e+00 2.959352634775643329e-07
7.707027114212299246e+00 2.826029548887053516e-07
7.742636826811269302e+00 2.698712859472472382e-07
7.778411071286488010e+00 2.577131969745423713e-07
7.814350607844543717e+00 2.461028473693273996e-07
7.850456200204509294e+00 2.350155606865302460e-07
7.886728615614152282e+00 2.244277721903678985e-07
7.923168624866253396e+00 2.143169787702426597e-07
7.959777002314983640e+00 2.046616911130027720e-07
7.996554525892348053e+00 1.954413880299160001e-07
8.033501977124734239e+00 1.866364728412689900e-07
8.070620141149502658e+00 1.782282317259125996e-07
8.107909806731687041e+00 1.701987939472114192e-07
8.145371766280742776e+00 1.625310938708806912e-07
8.183006815867392092e+00 1.552088346939654417e-07
8.220815755240540312e+00 1.482164538078869067e-07
8.258799387844268480e+00 1.415390897219303496e-07
8.296958520834905926e+00 1.351625504768804621e-07
8.335293965098193425e+00 1.290732834816625074e-07
8.373806535266492546e+00 1.232583467088932179e-07
8.412497049736117560e+00 1.177053811881076474e-07
8.451366330684717099e+00 1.124025847382074020e-07
8.490415204088746393e+00 1.073386868833011957e-07
8.529644499741023012e+00 1.025029248986210558e-07
8.569055051268350098e+00 9.788502093560558025e-08
8.608647696149244410e+00 9.347516017753006518e-08
8.648423275731722981e+00 8.926396997925766676e-08
8.688382635251185704e+00 8.524249994677431950e-08
8.728526623848377852e+00 8.140220291416887938e-08
8.768856094587428984e+00 7.773491677762884164e-08
8.809371904473991322e+00 7.423284714783881576e-08
8.850074914473434973e+00 7.088855078391593234e-08
8.890965989529160396e+00 6.769491977366684012e-08
8.932045998580965929e+00 6.464516642655018911e-08
8.973315814583521899e+00 6.173280884723036480e-08
9.014776314524917566e+00 5.895165715906472473e-08
9.056428379445289778e+00 5.629580034824285831e-08
9.098272894455559978e+00 5.375959370061400375e-08
9.140310748756229842e+00 5.133764680450640662e-08
9.182542835656283486e+00 4.902481209403470289e-08
9.224970052592174952e+00 4.681617390854823795e-08
9.267593301146877849e+00 4.470703804496862524e-08
9.310413487069077121e+00 4.269292178080603697e-08
9.353431520292383894e+00 4.076954434665688996e-08
9.396648314954692438e+00 3.893281782792621315e-08
9.440064789417602853e+00 3.717883847644172549e-08
9.483681866285921913e+00 3.550387841349259868e-08
9.527500472427291811e+00 3.390437770665672607e-08
9.571521538991863309e+00 3.237693680358011615e-08
9.615746001432098566e+00 3.091830930662406927e-08
9.660174799522645017e+00 2.952539507302524969e-08
9.704808877380301624e+00 2.819523362590394211e-08
9.749649183484088155e+00 2.692499786211490184e-08
9.794696670695392626e+00 2.571198804356958978e-08
9.839952296278230648e+00 2.455362605925701805e-08
9.885417021919574054e+00 2.344744994576963468e-08
9.931091813749794994e+00 2.239110865468685252e-08
9.976977642363204168e+00 2.138235705569533173e-08
1.002307548283865479e+01 2.041905116482665132e-08
1.006938631476027624e+01 1.949914358766901104e-08
1.011591112223829825e+01 1.862067916786867742e-08
1.016265089392994625e+01 1.778179083167358557e-08
1.020960662306046451e+01 1.698069561968513559e-08
1.025677930744421928e+01 1.621569089738608295e-08
1.030416994950588006e+01 1.548515073638938187e-08
1.035177955630176250e+01 1.478752245871646263e-08
1.039960913954119803e+01 1.412132333676141356e-08
1.044765971560804196e+01 1.348513744192625197e-08
1.049593230558227752e+01 1.287761263522951823e-08
1.054442793526168920e+01 1.229745769349281283e-08
1.059314763518369951e+01 1.174343956499588453e-08
1.064209244064724125e+01 1.121438074876930262e-08
1.069126339173476126e+01 1.070915679195321562e-08
1.074066153333433427e+01 1.022669389990374055e-08
1.079028791516184071e+01 9.765966653967895755e-09
1.084014359178330977e+01 9.325995832075378050e-09
1.089022962263729966e+01 8.905846327516362707e-09
1.094054707205742361e+01 8.504625161481155574e-09
1.099109700929497180e+01 8.121479585137749221e-09
1.104188050854160785e+01 7.755595267213659270e-09
1.109289864895222699e+01 7.406194563229548949e-09
1.114415251466787637e+01 7.072534862706591540e-09
1.119564319483878201e+01 6.753907010834480083e-09
1.124737178364751955e+01 6.449633801245381376e-09
1.129933938033222240e+01 6.159068536690970274e-09
1.135154708920999056e+01 5.881593654562497971e-09
1.140399601970032428e+01 5.616619414333624092e-09
1.145668728634871414e+01 5.363582644135570924e-09
1.150962200885032338e+01 5.121945543800988866e-09
1.156280131207375916e+01 4.891194541832402651e-09
1.161622632608501782e+01 4.676638287020401265e-09
1.166989818617146923e+01 4.477064443173084035e-09
1.172381803286598512e+01 4.292120114374570866e-09
1.177798701197119335e+01 4.119672923541324276e-09
1.183240627458378569e+01 3.958568891077435968e-09
1.188707697711903322e+01 3.807878074758796298e-09
1.194200028133531966e+01 3.666822365020861959e-09
1.199717735435884336e+01 3.534561958802041352e-09
1.205260936870842592e+01 3.410184906446853184e-09
1.210829750232040070e+01 3.293147976571322344e-09
1.216424293857367900e+01 3.182972833090559988e-09
1.222044686631488020e+01 3.078975110370621151e-09
1.227691047988359152e+01 2.980614547449409996e-09
1.233363497913775930e+01 2.887384987705107031e-09
1.239062156947916193e+01 2.798810447430106499e-09
1.244787146187906224e+01 2.715370083038163508e-09
1.250538587290390780e+01 2.635970129450404562e-09
1.256316602474120891e+01 2.560093756627916958e-09
1.262121314522547344e+01 2.488400629827002954e-09
1.267952846786434584e+01 2.419953071705581830e-09
1.273811323186478539e+01 2.354375994957857150e-09
1.279696868215940952e+01 2.292416420208078944e-09
1.285609606943295802e+01 2.232514206523316164e-09
1.291549665014884063e+01 2.176065671711599909e-09
1.297517168657587483e+01 2.121353105843229982e-09
1.303512244681508925e+01 2.069641745594186703e-09
1.309535020482667100e+01 2.019413195478279163e-09
1.315585624045704449e+01 1.972022410728901384e-09
1.321664183946605142e+01 1.925743774045208553e-09
1.327770829355429782e+01 1.882203257422568097e-09
1.333905690039058634e+01 1.839744960201390217e-09
1.340068896363949946e+01 1.799281400316725850e-09
1.346260579298910365e+01 1.760332213953651580e-09
1.352480870417875458e+01 1.722441555115192034e-09
1.358729901902709791e+01 1.686725790652266125e-09
1.365007806546013747e+01 1.651750612032374117e-09
1.371314717753944912e+01 1.618217269566500345e-09
1.377650769549054210e+01 1.586139086540217769e-09
1.384016096573131627e+01 1.554696794531553670e-09
1.390410834090070402e+01 1.524771054569261561e-09
1.396835117988739761e+01 1.495937742481333563e-09
1.403289084785872376e+01 1.467649666272241264e-09
1.409772871628966939e+01 1.440675435906741806e-09
1.416286616299198720e+01 1.414749264372312018e-09
1.422830457214352684e+01 1.389289656196761685e-09
1.429404533431761060e+01 1.364688524855112196e-09
1.436008984651259901e+01 1.341378404191418753e-09
1.442643951218158094e+01 1.318466441580244560e-09
1.449309574126216660e+01 1.295945836120086935e-09
1.456005995020649380e+01 1.274779254187989163e-09
1.462733356201129808e+01 1.254172293302448170e-09
1.469491800624816413e+01 1.233898446432955012e-09
1.476281471909390319e+01 1.214032281359354515e-09
1.483102514336104427e+01 1.195520134844215323e-09
1.489955072852854379e+01 1.177290270418161036e-09
1.496839293077255562e+01 1.159338383708504704e-09
1.503755321299737702e+01 1.141725592587299719e-09
1.510703304486654908e+01 1.125363541121915798e-09
1.517683390283405309e+01 1.109235973958098548e-09
1.524695727017573788e+01 1.093339530705016423e-09
1.531740463702079857e+01 1.077670899129548886e-09
1.538817750038345622e+01 1.062993252117074344e-09
1.545927736419477760e+01 1.048735712681536281e-09
1.553070573933459997e+01 1.034669404404194876e-09
1.560246414366368839e+01 1.020791762371514130e-09
1.567455410205595001e+01 1.007284437463944674e-09
1.574697714643085966e+01 9.947000017289719733e-10
1.581973481578600627e+01 9.822727887375232214e-10
1.589282865622977958e+01 9.700008342385515614e-10
1.596626022101425946e+01 9.578821985212381380e-10
1.604003107056820099e+01 9.461926488748706203e-10
1.611414277253019023e+01 9.352420151837043544e-10
1.618859690178198463e+01 9.244181171825467321e-10
1.626339504048192097e+01 9.137194881128947872e-10
1.633853877809861288e+01 9.031446781915719486e-10
1.641402971144466605e+01 8.927931492660452754e-10
1.648986944471064930e+01 8.832827181515013387e-10
1.656605958949914381e+01 8.738735963940685699e-10
1.664260176485903742e+01 8.645647048012552075e-10
1.671949759731989360e+01 8.553549756766119057e-10
1.679674872092653004e+01 8.462433526972674380e-10
1.687435677727375705e+01 8.377031016883063062e-10
1.695232341554120481e+01 8.295516902495485782e-10
1.703065029252844198e+01 8.214795974957878478e-10
1.710933907269014398e+01 8.134860516031704626e-10
1.718839142817145671e+01 8.055702882582054636e-10
1.726780903884355922e+01 7.977315505846813173e-10
1.734759359233931519e+01 7.905375129859746844e-10
1.742774678408919087e+01 7.835744329211937097e-10
1.750827031735724404e+01 7.766726838915525794e-10
1.758916590327732621e+01 7.698317256913043577e-10
1.767043526088946592e+01 7.630510228728506497e-10
1.775208011717635159e+01 7.563300447048342540e-10
1.783410220710008076e+01 7.500976801388093126e-10
1.791650327363900530e+01 7.441835076260583652e-10
1.799928506782476489e+01 7.383159656221556323e-10
1.808244934877951593e+01 7.324946864671528869e-10
1.816599788375327762e+01 7.267193053999318531e-10
1.824993244816152327e+01 7.209894605353454842e-10
1.833425482562289943e+01 7.153989176150640461e-10
1.841896680799710850e+01 7.104196123312704516e-10
1.850407019542302223e+01 7.054749639088421025e-10
1.858956679635687337e+01 7.005647311297852904e-10
1.867545842761076003e+01 6.956886744550237322e-10
1.876174691439120323e+01 6.908465560127182638e-10
1.884843409033795325e+01 6.860381395866596340e-10
1.893552179756295217e+01 6.814929683341868591e-10
1.902301188668944931e+01 6.773801838706273438e-10
1.911090621689137947e+01 6.732922199068085116e-10
1.919920665593283715e+01 6.692289266519468323e-10
1.928791508020777812e+01 6.651901552192399027e-10
1.937703337477988796e+01 6.611757576204124314e-10
1.946656343342262119e+01 6.571855867602931394e-10
1.955650715865949252e+01 6.533978799927292936e-10
1.964686646180445706e+01 6.500597468158838820e-10
1.973764326300255334e+01 6.467386677701393946e-10
1.982883949127071332e+01 6.434345557279386305e-10
1.992045708453870390e+01 6.401473240068497152e-10
2.001249798969037030e+01 6.368768863672911472e-10
2.010496416260497909e+01 6.336231570102686317e-10
2.019785756819878486e+01 6.303860505751253560e-10
2.029118018046678174e+01 6.277238277844176987e-10
2.038493398252463251e+01 6.250987242166694200e-10
2.047912096665085357e+01 6.224845986753023263e-10
2.057374313432912771e+01 6.198814052508651513e-10
2.066880249629081945e+01 6.172890982258981442e-10
2.076430107255774615e+01 6.147076320741280160e-10
2.086024089248503799e+01 6.121369614596711575e-10
2.095662399480432825e+01 6.097899584560834630e-10
2.105345242766705027e+01 6.078056201152433434e-10
2.115072824868794754e+01 6.058277390776047250e-10
2.124845352498882889e+01 6.038562943302363651e-10
2.134663033324244452e+01 6.018912649285864235e-10
2.144526075971667467e+01 5.999326299962591234e-10
2.154434690031883193e+01 5.979803687247932741e-10
2.164389086064020162e+01 5.960344603734413100e-10
2.174389475600079891e+01 5.944166977821494692e-10
2.184436071149427150e+01 5.930344033821115943e-10
2.194529086203313639e+01 5.916553234573995204e-10
2.204668735239408761e+01 5.902794505328680787e-10
2.214855233726359174e+01 5.889067771507549907e-10
2.225088798128369305e+01 5.875372958706407500e-10
2.235369645909795366e+01 5.861709992694085041e-10
2.245697995539773828e+01 5.848078799412032124e-10
2.256074066496860198e+01 5.837783979008848847e-10
2.266498079273694088e+01 5.829634854032331111e-10
2.276970255381679920e+01 5.821497104645956601e-10
2.287490817355702788e+01 5.813370714970220191e-10
2.298059988758851091e+01 5.805255669147788297e-10
2.308677994187168636e+01 5.797151951343459586e-10
2.319345059274428777e+01 5.789059545744137059e-10
2.330061410696924540e+01 5.780978436558802203e-10
2.340827276178293204e+01 5.775538118167373488e-10
2.351642884494348706e+01 5.772849455303061117e-10
2.362508465477946373e+01 5.770162044081080061e-10
2.373424250023867543e+01 5.767475883918758093e-10
2.384390470093720538e+01 5.764790974233695956e-10
2.395407358720878221e+01 5.762107314443763225e-10
2.406475150015424092e+01 5.759424903967101413e-10
2.417594079169129628e+01 5.756743742222122931e-10
2.428764382460451543e+01 5.755447840163594929e-10
2.439986297259550341e+01 5.758128398351566925e-10
2.451260062033338727e+01 5.760810204990118362e-10
2.462585916350546711e+01 5.763493260660708615e-10
2.473964100886813000e+01 5.766177565945063823e-10
2.485394857429799842e+01 5.768863121425183095e-10
2.496878428884326695e+01 5.771549927683335408e-10
2.508415059277539783e+01 5.774237985302062709e-10
2.520004993764092305e+01 5.776927294864175777e-10
2.531648478631354138e+01 5.784714980305131862e-10
2.543345761304649599e+01 5.792801312727039673e-10
2.555097090352506939e+01 5.800898948864385009e-10
2.566902715491950460e+01 5.809007904518398962e-10
2.578762887593800812e+01 5.817128195512397314e-10
2.590677858688007618e+01 5.825259837691815691e-10
2.602647881969005894e+01 5.833402846924238511e-10
2.614673211801092023e+01 5.841557239099432076e-10
2.626754103723837019e+01 5.852876883134369439e-10
2.638890814457510459e+01 5.866519260192983031e-10
2.651083601908537446e+01 5.880193436049951350e-10
2.663332725174982230e+01 5.893899484824589493e-10
2.675638444552045314e+01 5.907637480808964053e-10
2.688001021537606050e+01 5.921407498468319127e-10
2.700420718837772682e+01 5.935209612441464048e-10
2.712897800372465795e+01 5.949043897541182847e-10
2.725432531281029114e+01 5.963855634571913575e-10
2.738025177927857712e+01 5.983326180751911725e-10
2.750676007908066012e+01 6.002860293555881473e-10
2.763385290053169996e+01 6.022458180513476153e-10
2.776153294436799612e+01 6.042120049831882398e-10
2.788980292380441028e+01 6.061846110398033883e-10
2.801866556459195223e+01 6.081636571780827135e-10
2.814812360507579925e+01 6.101491644233350786e-10
2.827817979625341138e+01 6.121411538695123094e-10
2.840883690183302690e+01 6.145533304402802805e-10
2.854009769829238863e+01 6.171341486019748062e-10
2.867196497493769769e+01 6.197258049156305925e-10
2.880444153396296514e+01 6.223283448960924979e-10
2.893753019050950215e+01 6.249418142493451068e-10
2.907123377272576903e+01 6.275662588733151982e-10
2.920555512182746583e+01 6.302017248586782470e-10
2.934049709215787161e+01 6.328482584896670961e-10
2.947606255124857100e+01 6.356376558800366122e-10
2.961225437988034415e+01 6.389017299254433055e-10
2.974907547214440484e+01 6.421825653745767463e-10
2.988652873550384115e+01 6.454802482992135787e-10
3.002461709085549302e+01 6.487948652131205516e-10
3.016334347259195781e+01 6.521265030743220280e-10
3.030271082866396171e+01 6.554752492873821760e-10
3.044272212064302607e+01 6.588411917056982237e-10
3.058338032378433269e+01 6.622244186338040540e-10
3.072468842709003667e+01 6.660176285672256038e-10
3.086664943337272859e+01 6.700614240907024792e-10
3.100926635931926612e+01 6.741297719406257255e-10
3.115254223555487911e+01 6.782228211890077245e-10
3.129648010670752001e+01 6.823407218129656062e-10
3.144108303147264749e+01 6.864836247002196222e-10
3.158635408267817368e+01 6.906516816546199531e-10
3.173229634734976301e+01 6.948450454017101178e-10
3.187891292677645794e+01 6.990638695943225411e-10
3.202620693657652140e+01 7.038949711494590180e-10
3.217418150676371624e+01 7.088285454599692408e-10
3.232283978181379069e+01 7.137966990137971600e-10
3.247218492073128715e+01 7.187996741756041315e-10
3.262222009711669557e+01 7.238377150087775341e-10
3.277294849923383424e+01 7.289110672873343127e-10
3.292437333007768530e+01 7.340199785079146832e-10
3.307649780744240786e+01 7.391646979018525592e-10
3.322932516398971359e+01 7.443454764473358304e-10
3.338285864731761166e+01 7.502078020410486806e-10
3.353710152002930300e+01 7.561698508048485344e-10
3.369205705980267140e+01 7.621792811412814052e-10
3.384772855945981007e+01 7.682364696010112079e-10
3.400411932703705986e+01 7.743417957272253163e-10
3.416123268585528194e+01 7.804956420794151784e-10
3.431907197459044312e+01 7.866983942573461492e-10
3.447764054734464167e+01 7.929504409252225383e-10
3.463694177371732508e+01 7.992521738360383599e-10
3.479697903887691268e+01 8.060612223737659549e-10
3.495775574363275240e+01 8.132241268697435281e-10
3.511927530450729762e+01 8.204506831075416041e-10
3.528154115380883127e+01 8.277414567158435398e-10
3.544455673970433907e+01 8.350970183496806919e-10
3.560832552629278069e+01 8.425179437350978948e-10
3.577285099367873755e+01 8.500048137142169166e-10
3.593813663804627367e+01 8.575582142906960303e-10
3.610418597173337218e+01 8.651787366756027626e-10
3.627100252330646413e+01 8.728669773336850332e-10
3.643858983763544757e+01 8.812981598891642286e-10
3.660695147596902643e+01 8.899580468930911055e-10
3.677609101601032648e+01 8.987030284159138298e-10
3.694601205199302285e+01 9.075339406206395515e-10
3.711671819475765233e+01 9.164516278866505185e-10
3.728821307182833777e+01 9.254569428904401106e-10
3.746050032748993175e+01 9.345507466871471010e-10
3.763358362286534486e+01 9.437339087928784293e-10
3.780746663599349233e+01 9.530073072678592575e-10
3.798215306190733997e+01 9.623718288003820829e-10
3.815764661271248315e+01 9.722142650633386370e-10
3.833395101766601698e+01 9.826822348384204945e-10
3.851107002325570505e+01 9.932629147383671144e-10
3.868900739327975202e+01 1.003957518329183909e-09
3.886776690892665442e+01 1.014767272243512800e-09
3.904735236885559857e+01 1.025693416321325090e-09
3.922776758927719243e+01 1.036737203752125810e-09
3.940901640403449591e+01 1.047899901218688753e-09
3.959110266468458406e+01 1.059182789042343926e-09
3.977403024058034475e+01 1.070587161329823825e-09
3.995780301895269560e+01 1.082114326121692099e-09
4.014242490499322003e+01 1.094067794082158456e-09
4.032789982193707345e+01 1.106878099277806621e-09
4.051423171114647204e+01 1.119838398760914295e-09
4.070142453219436618e+01 1.132950448796139576e-09
4.088948226294862565e+01 1.146216026212028018e-09
4.107840889965646625e+01 1.159636928641787542e-09
4.126820845702953733e+01 1.173214974766897876e-09
4.145888496832910874e+01 1.186952004563554341e-09
4.165044248545182626e+01 1.200849879552006557e-09
4.184288507901582221e+01 1.214910483048818542e-09
4.203621683844713885e+01 1.229135720422069649e-09
4.223044187206674138e+01 1.243527519349565821e-09
4.242556430717777260e+01 1.258496169330227149e-09
4.262158829015322681e+01 1.274418019273040693e-09
4.281851798652413521e+01 1.290541304318941560e-09
4.301635758106795038e+01 1.306868572921836735e-09
4.321511127789764117e+01 1.323402405777374477e-09
4.341478330055092272e+01 1.340145416230842390e-09
4.361537789208003346e+01 1.357100250690237631e-09
4.381689931514192438e+01 1.374269589044558297e-09
4.401935185208874657e+01 1.391656145087382969e-09
4.422273980505899260e+01 1.409262666945823001e-09
4.442706749606882966e+01 1.427091937514887884e-09
4.463233926710395139e+01 1.445146774897352184e-09
4.483855948021188453e+01 1.463430032849185891e-09
4.504573251759458685e+01 1.482731297963442773e-09
4.525386278170169163e+01 1.502888998037338696e-09
4.546295469532399380e+01 1.523320741609760532e-09
4.567301270168744765e+01 1.544030254296173617e-09
4.588404126454759080e+01 1.565021312361701858e-09
4.609604486828433778e+01 1.586297743409709473e-09
4.630902801799739166e+01 1.607863427079751805e-09
4.652299523960189020e+01 1.629722295754998165e-09
4.673795107992461340e+01 1.651878335279282659e-09
4.695390010680060300e+01 1.674335585683900635e-09
4.717084690917017298e+01 1.697098141924282510e-09
4.738879609717653807e+01 1.720170154626694252e-09
4.760775230226368393e+01 1.743555830845075175e-09
4.782772017727482705e+01 1.767345805384813860e-09
4.804870439655131520e+01 1.793041860009089533e-09
4.827070965603183339e+01 1.819111518498119684e-09
4.849374067335235594e+01 1.845560212808281994e-09
4.871780218794631168e+01 1.872393453873054685e-09
4.894289896114528915e+01 1.899616832751289410e-09
4.916903577628028899e+01 1.927236021792193202e-09
4.939621743878320359e+01 1.955256775817212604e-09
4.962444877628915663e+01 1.983684933319155016e-09
4.985373463873893485e+01 2.012526417678701301e-09
5.008407989848210207e+01 2.041787238398619225e-09
5.031548945038053944e+01 2.071473492355928381e-09
5.054796821191240497e+01 2.101591365072253150e-09
5.078152112327673251e+01 2.132147132002674324e-09
5.101615314749833630e+01 2.163163792159097252e-09
5.125186927053329811e+01 2.196659509955528114e-09
5.148867450137495183e+01 2.230673895415856152e-09
5.172657387216018776e+01 2.265214979899401740e-09
5.196557243827660244e+01 2.300290919127853113e-09
5.220567527846975509e+01 2.335909995110950284e-09
5.244688749495116298e+01 2.372080618102010316e-09
5.268921421350674450e+01 2.408811328583731142e-09
5.293266058360561033e+01 2.446110799284723059e-09
5.317723177850969307e+01 2.483987837227311799e-09
5.342293299538351903e+01 2.522451385806999037e-09
5.366976945540476152e+01 2.561510526904162263e-09
5.391774640387502870e+01 2.601174483028415472e-09
5.416686911033151830e+01 2.641452619496217540e-09
5.441714286865889960e+01 2.682354446642176645e-09
5.466857299720180663e+01 2.725821404382926939e-09
5.492116483887789258e+01 2.770608628085014954e-09
5.517492376129126086e+01 2.816131738372959899e-09
5.542985515684669195e+01 2.862402826397378161e-09
5.568596444286411895e+01 2.909434181975259286e-09
5.594325706169377810e+01 2.957238296854206789e-09
5.620173848083187806e+01 3.005827868030301782e-09
5.646141419303669551e+01 3.055215801120475311e-09
5.672228971644543805e+01 3.105415213790323730e-09
5.698437059469139143e+01 3.156439439238198396e-09
5.724766239702178439e+01 3.208302029736580530e-09
5.751217071841613659e+01 3.261016760231627545e-09
5.777790117970504014e+01 3.314597632001838396e-09
5.804485942768977935e+01 3.369058876376895482e-09
5.831305113526221362e+01 3.426678247444633802e-09
5.858248200152535645e+01 3.486226159632572288e-09
5.885315775191450172e+01 3.546808879756918555e-09
5.912508413831878329e+01 3.608444390437465959e-09
5.939826693920356604e+01 3.671150986791258198e-09
5.967271195973313525e+01 3.734947281863062298e-09
5.994842503189408944e+01 3.799852212150235308e-09
6.022541201461928040e+01 3.865885043223602677e-09
6.050367879391221493e+01 3.933065375445987786e-09
6.078323128297230227e+01 4.001413149790175619e-09
6.106407542232039276e+01 4.070948653757917787e-09
6.134621717992506262e+01 4.141692527401838822e-09
6.162966255132942450e+01 4.213665769451953516e-09
6.191441755977844252e+01 4.287943897755193514e-09
6.220048825634711420e+01 4.366523171003683781e-09
6.248788072006890815e+01 4.446542458937882340e-09
6.277660105806499757e+01 4.528028150734086352e-09
6.306665540567405515e+01 4.611007119166884548e-09
6.335804992658250967e+01 4.695506729471353589e-09
6.365079081295571228e+01 4.781554848367781357e-09
6.394488428556940107e+01 4.869179853251646043e-09
6.424033659394190465e+01 4.958410641552072898e-09
6.453715401646701366e+01 5.049276640261794480e-09
6.483534286054724305e+01 5.141807815641695635e-09
6.513490946272803228e+01 5.236034683103292481e-09
6.543586018883232214e+01 5.331988317272230763e-09
6.573820143409585626e+01 5.433666744673904506e-09
6.604193962330305112e+01 5.538397446080716346e-09
6.634708121092347710e+01 5.645146769595307237e-09
6.665363268124913532e+01 5.753953622960681621e-09
6.696160054853218924e+01 5.864857663843492927e-09
6.727099135712336420e+01 5.977899314288373783e-09
6.758181168161110008e+01 6.093119775450882997e-09
6.789406812696108773e+01 6.210561042614374002e-09
6.820776732865685688e+01 6.330265920496394727e-09
6.852291595284060577e+01 6.452278038849991402e-09
6.883952069645496863e+01 6.576641868365825708e-09
6.915758828738525210e+01 6.706697673297876637e-09
6.947712548460236803e+01 6.842334375836514969e-09
6.979813907830660469e+01 6.980714204123736553e-09
7.012063589007181008e+01 7.121892635318239495e-09
7.044462277299037112e+01 7.265926268552494811e-09
7.077010661181888906e+01 7.412872847623627500e-09
7.109709432312435240e+01 7.562791284143150420e-09
7.142559285543126180e+01 7.715741681154965934e-09
7.175560918936925248e+01 7.871785357230982476e-09
7.208715033782135606e+01 8.030984871053966957e-09
7.242022334607315770e+01 8.198212865609860213e-09
7.275483529196229426e+01 8.371806843568670005e-09
7.309099328602910361e+01 8.549076606686700353e-09
7.342870447166761494e+01 8.730099988289148988e-09
7.376797602527734909e+01 8.914956469791688403e-09
7.410881515641570161e+01 9.103727215598089278e-09
7.445122910795139148e+01 9.296495108736956245e-09
7.479522515621820844e+01 9.493344787252860656e-09
7.514081061116965543e+01 9.695365240458734601e-09
7.548799281653435855e+01 9.909885309236305897e-09
7.583677914997190328e+01 1.012915185829250930e-08
7.618717702322994967e+01 1.035326990845440638e-08
7.653919388230147547e+01 1.058234680424435283e-08
7.689283720758309926e+01 1.081649226529424986e-08
7.724811451403404305e+01 1.105581843889729469e-08
7.760503335133570602e+01 1.130043995372245410e-08
7.796360130405233235e+01 1.156016672483569339e-08
7.832382599179196347e+01 1.182695641870483993e-08
7.868571506936847015e+01 1.209990318127801727e-08
7.904927622696423839e+01 1.237914910760576766e-08
7.941451719029339529e+01 1.266483957205932261e-08
7.978144572076624286e+01 1.295712330401212979e-08
8.015006961565404708e+01 1.326691979460549848e-08
8.052039670825473650e+01 1.358574464002951449e-08
8.089243486805942496e+01 1.391223134545072590e-08
8.126619200091946027e+01 1.424656403735559403e-08
8.164167604921468069e+01 1.458893126707836589e-08
8.201889499202202671e+01 1.495163226126526346e-08
8.239785684528514764e+01 1.532520862723265874e-08
8.277856966198476130e+01 1.570811904441075036e-08
8.316104153230961060e+01 1.610059673020807534e-08
8.354528058382867073e+01 1.651418265048514573e-08
8.393129498166364044e+01 1.694257110693265912e-08
8.431909292866255612e+01 1.738207223383449906e-08
8.470868266557407367e+01 1.783825612918059396e-08
8.510007247122246099e+01 1.831804297712710887e-08
8.549327066268379838e+01 1.881073441719268122e-08
8.588828559546249153e+01 1.932541488268240568e-08
8.628512566366890724e+01 1.986369093445040240e-08
8.668379930019779067e+01 2.041933520959901416e-08
8.708431497690723688e+01 2.100763516854650495e-08
8.748668120479909760e+01 2.161575204380492775e-08
8.789090653419954435e+01 2.225924156503406495e-08
8.829699955494086794e+01 2.293175683690630585e-08
8.870496889654407369e+01 2.363694162772262710e-08
8.911482322840201675e+01 2.438597841938383997e-08
8.952657125996395848e+01 2.517698412152826312e-08
8.994022174092043542e+01 2.601567378258983473e-08
9.035578346138925099e+01 2.690821690674855613e-08
9.077326525210227715e+01 2.786286948984209553e-08
9.119267598459298085e+01 2.888983081889675079e-08
9.161402457138515842e+01 2.999512121140911410e-08
9.203731996618220990e+01 3.119296217765995401e-08
9.246257116405737975e+01 3.249901484044400687e-08
9.288978720164502079e+01 3.392921755209323478e-08
9.331897715733238385e+01 3.550043131846221509e-08
9.375015015145284281e+01 3.717522875843138216e-08
9.418331534647951742e+01 3.892903781490083108e-08
9.461848194721997629e+01 4.076558600463938104e-08
9.505565920101196298e+01 4.268877669680184770e-08
9.549485639791966207e+01 4.470269740908449403e-08
9.593608287093141485e+01 4.681162849526860458e-08
9.637934799615786119e+01 4.902005224261312079e-08
9.682466119303123264e+01 5.133266239843382820e-08
9.727203192450542701e+01 5.375437414611595567e-08
9.772146969725724830e+01 5.629033455176425356e-08
9.817298406188835713e+01 5.894593350369230350e-08
9.862658461312820180e+01 6.172681516800138631e-08
9.908228099003797240e+01 6.463888998459859711e-08
9.954008287621523721e+01 6.768834722914633276e-08
1.000000000000000000e+02 7.088166816764886282e-08
