1.000000000000000082e-05 1.077191197382229987e-05
1.011591112223829695e-05 9.599370313790823986e-06
1.023316578330244899e-05 8.554461886174393096e-06
1.035177955630176194e-05 7.623293588005339230e-06
1.047176819485520245e-05 6.793484605133060621e-06
1.059314763518370065e-05 6.054001796913025420e-06
1.071593399822671096e-05 5.395012999563327149e-06
1.084014359178330984e-05 4.824024828922152657e-06
1.096579291267809966e-05 4.352283151091783009e-06
1.109289864895222712e-05 3.953595147870366174e-06
1.122147768207980256e-05 3.612060922524382449e-06
1.135154708920999101e-05 3.314556774197414263e-06
1.148312414543511069e-05 3.054072362459749601e-06
1.161622632608501823e-05 2.822427781381862093e-06
1.175087130904807549e-05 2.615527440957734860e-06
1.188707697711903343e-05 2.429829498983874163e-06
1.202486142037412267e-05 2.262220345882460654e-06
1.216424293857367937e-05 2.109923756192196966e-06
1.230524004359261647e-05 1.970417656736183762e-06
1.244787146187906222e-05 1.843917962617234790e-06
1.259215613694150976e-05 1.727156565392507070e-06
1.273811323186478452e-05 1.620041442556937645e-06
1.288576213185518003e-05 1.520757080203380938e-06
1.303512244681508904e-05 1.429767351660622909e-06
1.318621401394748594e-05 1.344221708046392793e-06
1.333905690039058705e-05 1.266150394054738332e-06
1.349367140588306531e-05 1.193168928677809329e-06
1.365007806546013744e-05 1.124394147051543259e-06
1.380829765218092365e-05 1.061116766368671021e-06
1.396835117988739660e-05 1.002284305113398916e-06
1.413025990599533632e-05 9.467137454763598592e-07
1.429404533431761129e-05 8.942242348816132551e-07
1.445972921792019565e-05 8.456927265134740062e-07
1.462733356201129868e-05 8.006661360476461274e-07
1.479688062686396383e-05 7.580368629352926977e-07
1.496839293077255598e-05 7.176772685869966325e-07
1.514189325304351951e-05 6.794665101800714504e-07
1.531740463702079875e-05 6.434644403369627612e-07
1.549495039314631713e-05 6.106249265364182625e-07
1.567455410205594862e-05 5.794613929440292798e-07
1.585623961771137294e-05 5.498883051126283315e-07
1.604003107056819902e-05 5.218244938862497683e-07
1.622595287078087002e-05 4.951929326154118117e-07
1.641402971144466496e-05 4.699205257423295772e-07
1.660428657187529514e-05 4.459379081757815345e-07
1.679674872092653225e-05 4.238747124245348617e-07
1.699144172034626135e-05 4.031796444356178945e-07
1.718839142817145670e-05 3.834949831223340818e-07
1.738762400216250392e-05 3.647713968443765311e-07
1.758916590327732596e-05 3.469619625072181003e-07
1.779304389918577364e-05 3.300220479683594060e-07
1.799928506782476521e-05 3.139092001849171321e-07
1.820791680099462562e-05 2.985830388222478366e-07
1.841896680799710997e-05 2.840051550569738323e-07
1.863246311931559903e-05 2.701390153208049236e-07
1.884843409033795474e-05 2.570941400702163487e-07
1.906690840512252017e-05 2.451118903869431554e-07
1.928791508020777896e-05 2.336880910340938772e-07
1.951148346846616547e-05 2.227967146144941877e-07
1.973764326300255428e-05 2.124129467760101878e-07
1.996642450109793374e-05 2.025131296758036485e-07
2.019785756819878213e-05 1.930747080795206439e-07
2.043197320195270527e-05 1.840761779726029812e-07
2.066880249629082024e-05 1.754970375666490821e-07
2.090837690555749843e-05 1.673177405891915649e-07
2.115072824868794552e-05 1.595196517504755783e-07
2.139588871343421495e-05 1.520850042857725742e-07
2.164389086064020347e-05 1.449968594764972754e-07
2.189476762856620837e-05 1.382390680579009817e-07
2.214855233726359179e-05 1.317962334254182703e-07
2.240527869300018224e-05 1.256949319748683535e-07
2.266498079273692845e-05 1.201160607413026098e-07
2.292769312865648647e-05 1.147848033434873766e-07
2.319345059274427543e-05 1.096901696350136150e-07
2.346228848142262524e-05 1.048216572585235052e-07
2.373424250023866352e-05 1.001692299955754596e-07
2.400934876860651764e-05 9.572329707743300742e-08
2.428764382460450616e-05 9.147469341412748558e-08
2.456916462982790237e-05 8.741466070103956911e-08
2.485394857429798490e-05 8.353482936404940225e-08
2.514203348142796490e-05 7.982720130603750894e-08
2.543345761304648090e-05 7.628413341916866947e-08
2.572825967447932223e-05 7.289832182897036184e-08
2.602647881969004482e-05 6.966278683772523086e-08
2.632815465648020122e-05 6.657085853613933293e-08
2.663332725174980827e-05 6.361616305362532604e-08
2.694203713681882141e-05 6.079260941885622235e-08
2.725432531281027978e-05 5.809437700350258216e-08
2.757023325609582679e-05 5.551590352327054902e-08
2.788980292380439574e-05 5.305187357150356529e-08
2.821307675939470740e-05 5.069720766171173080e-08
2.854009769829237591e-05 4.844705175643952771e-08
2.887090917359234806e-05 4.634107665931124455e-08
2.920555512182745176e-05 4.438748570384781591e-08
2.954407998880379912e-05 4.251625186859817344e-08
2.988652873550382686e-05 4.072390324188559080e-08
3.023294684405776334e-05 3.900711427667861691e-08
3.058338032378431524e-05 3.736269962032780339e-08
3.093787571730136646e-05 3.578760820442079077e-08
3.129648010670750265e-05 3.427891758379019712e-08
3.165924111983520818e-05 3.283382851417070370e-08
3.202620693657650487e-05 3.144965975844469708e-08
3.239742629528195378e-05 3.012384311183999220e-08
3.277294849923382338e-05 2.885391863684905864e-08
3.315282342319423014e-05 2.763753009902901551e-08
3.353710152002928861e-05 2.647242059521339247e-08
3.392583382740992125e-05 2.535642836602459837e-08
3.431907197459042598e-05 2.428748278491736680e-08
3.471686818926559409e-05 2.326360051631118354e-08
3.511927530450727994e-05 2.228288183568362248e-08
3.552634676578139125e-05 2.134350710479666730e-08
3.593813663804625562e-05 2.044373339551617353e-08
3.635469961293317630e-05 1.958189125596023550e-08
3.677609101601030897e-05 1.875638161297644074e-08
3.720236681413065894e-05 1.796567280520062526e-08
3.763358362286532385e-05 1.720829774119240823e-08
3.806979871402284228e-05 1.648285117737457701e-08
3.851107002325568519e-05 1.578798711072587533e-08
3.895745615775500812e-05 1.512241628138929653e-08
3.940901640403447737e-05 1.448490378056268442e-08
3.986581073580438997e-05 1.387426675923270928e-08
4.032789982193704951e-05 1.328937223350144705e-08
4.079534503452448896e-05 1.274474497084783820e-08
4.126820845702951608e-05 1.223592164648730823e-08
4.174655289253134888e-05 1.174741266941309444e-08
4.223044187206672164e-05 1.127840700623518738e-08
4.271993966306776293e-05 1.082812600339596010e-08
4.321511127789762110e-05 1.039582209443227918e-08
4.371602248248502334e-05 9.980777558849255519e-09
4.422273980505896747e-05 9.582303330544722870e-09
4.473533054498463085e-05 9.199737853806560744e-09
4.525386278170166862e-05 8.832445984983243222e-09
4.577840538376616169e-05 8.479817938004363607e-09
4.630902801799736631e-05 8.141268272000306249e-09
4.684580115873045137e-05 7.816234919340404940e-09
4.738879609717651056e-05 7.504178252475844520e-09
4.793808495089106934e-05 7.204580188038096509e-09
4.849374067335233355e-05 6.916943326705463333e-09
4.905583706365045348e-05 6.640790127409745266e-09
4.962444877628913165e-05 6.375662114512017926e-09
5.019965133110079395e-05 6.121119116631246842e-09
5.078152112327670659e-05 5.876738535862048657e-09
5.137013543351338728e-05 5.642114646168315255e-09
5.196557243827657098e-05 5.416857919787890714e-09
5.256791122018419400e-05 5.200594380529968620e-09
5.317723177850966352e-05 4.992964982891586380e-09
5.379361503980697789e-05 4.793625015962330285e-09
5.441714286865887681e-05 4.602243531127685227e-09
5.504789807854967469e-05 4.418502792620828520e-09
5.568596444286408510e-05 4.242097750010702651e-09
5.633142670601352036e-05 4.072735531750543183e-09
5.698437059469136365e-05 3.910134958946088964e-09
5.764488282925873171e-05 3.754026078536150488e-09
5.831305113526218489e-05 3.604149715110589374e-09
5.898896425508493637e-05 3.460257040621579752e-09
5.967271195973310562e-05 3.322109161273794656e-09
6.036438506075863543e-05 3.189476720907634578e-09
6.106407542232036346e-05 3.062139520217082661e-09
6.177187597338488134e-05 2.939886151169952969e-09
6.248788072006888211e-05 2.824320635211207396e-09
6.321218475812448011e-05 2.717882323443436798e-09
6.394488428556936667e-05 2.615455282234229360e-09
6.468607661546321112e-05 2.516888341471748728e-09
6.543586018883228584e-05 2.422036028092603749e-09
6.619433458774387382e-05 2.330758351380937310e-09
6.696160054853215278e-05 2.242920596358808567e-09
6.773775997517745325e-05 2.158393124962932167e-09
6.852291595284057120e-05 2.077051184714339155e-09
6.931717276155400522e-05 1.998774724598572529e-09
7.012063589007177199e-05 1.923448217884699764e-09
7.093341204987990039e-05 1.850960491621612832e-09
7.175560918936921718e-05 1.781204562559996669e-09
7.258733650817245705e-05 1.714077479257799459e-09
7.342870447166758088e-05 1.649480170136161278e-09
7.427982482564910469e-05 1.587317297261573110e-09
7.514081061116962114e-05 1.527497115638437248e-09
7.601177617955322144e-05 1.469931337804385428e-09
7.689283720758305352e-05 1.414535003528499600e-09
7.778411071286481921e-05 1.361226354420133010e-09
7.868571506936843291e-05 1.309926713263263158e-09
7.959777002314977982e-05 1.260560367898292502e-09
8.052039670825470135e-05 1.213054459479922265e-09
8.145371766280736284e-05 1.167338874946173989e-09
8.239785684528511741e-05 1.123346143539857417e-09
8.335293965098187206e-05 1.081011337229779931e-09
8.431909292866250367e-05 1.040271974884699476e-09
8.529644499741016815e-05 1.001067930058615072e-09
8.628512566366887437e-05 9.633413422513034324e-10
8.728526623848370818e-05 9.270365315131061625e-10
8.829699955494083421e-05 8.920999162679580547e-10
8.932045998580959297e-05 8.584799342333648071e-10
9.035578346138920045e-05 8.261269663206139528e-10
9.140310748756223216e-05 7.949932634029134104e-10
9.246257116405733111e-05 7.650328758433647945e-10
9.353431520292376886e-05 7.362015856787752392e-10
9.461848194721991974e-05 7.084568413592106070e-10
9.571521538991856182e-05 6.817576949469748281e-10
9.682466119303114621e-05 6.560647416823331939e-10
9.794696670695385331e-05 6.313400618267812045e-10
9.908228099003787580e-05 6.075471646980248153e-10
1.002307548283865436e-04 5.857724153438712221e-10
1.013925407558815276e-04 5.650107079393885125e-10
1.025677930744421868e-04 5.449848639573858566e-10
1.037566678745185890e-04 5.256688019698767953e-10
1.049593230558227707e-04 5.070373649607499555e-10
1.061759183483000125e-04 4.890662875615601285e-10
1.074066153333433420e-04 4.717321644485949010e-10
1.086515774652538379e-04 4.550124198600490945e-10
1.099109700929497193e-04 4.388852781936150097e-10
1.111849604819271041e-04 4.233297356461874804e-10
1.124737178364751899e-04 4.083255328587558603e-10
1.137774133221491354e-04 3.938531285308456769e-10
1.150962200885032326e-04 3.798936739701571401e-10
1.164303132920876748e-04 3.664289885442444200e-10
1.177798701197119304e-04 3.534415360022700722e-10
1.191450698119775949e-04 3.409144016359954073e-10
1.205260936870842587e-04 3.288312702502577685e-10
1.219231251649110739e-04 3.171764049142509384e-10
1.233363497913775981e-04 3.059346264659269722e-10
1.247659552630869643e-04 2.950912937428308880e-10
1.262121314522547384e-04 2.846322845136195812e-10
1.276750704319265669e-04 2.745439770854315540e-10
1.291549665014884106e-04 2.648132325631503441e-10
1.306520162124721288e-04 2.554273777374604625e-10
1.321664183946605190e-04 2.463741885794043586e-10
1.336983741824946607e-04 2.376418743199498442e-10
1.352480870417875451e-04 2.292190620938272771e-10
1.368157627967471913e-04 2.210947821276424118e-10
1.384016096573131502e-04 2.132584534529688347e-10
1.400058382468097589e-04 2.056998701258180361e-10
1.416286616299198848e-04 1.984091879345351293e-10
1.432702953409830901e-04 1.913769115788115133e-10
1.449309574126216591e-04 1.845938823031151504e-10
1.466108684046984459e-04 1.780512659684333813e-10
1.483102514336104446e-04 1.717405415467920939e-10
1.500293322019218239e-04 1.656534900235675158e-10
1.517683390283405451e-04 1.597821836931358034e-10
1.535275028780422768e-04 1.541189758339218143e-10
1.553070573933459984e-04 1.488354001291037203e-10
1.571072389247450316e-04 1.438948045346116518e-10
1.589282865622978103e-04 1.391182121598316462e-10
1.607704421673823735e-04 1.345001789129409538e-10
1.626339504048192157e-04 1.300354414189089703e-10
1.645190587753662351e-04 1.257189110205977324e-10
1.664260176485903616e-04 1.215456679789964786e-10
1.683550802961202269e-04 1.175109558659794985e-10
1.703065029252844313e-04 1.136101761431957632e-10
1.722805447131393918e-04 1.098388829209136238e-10
1.742774678408919205e-04 1.061927778908450507e-10
1.762975375287205730e-04 1.026677054271751768e-10
1.783410220710008080e-04 9.925964785021351944e-11
1.804081928719382670e-04 9.596472084726790033e-11
1.824993244816152445e-04 9.277916904552307742e-11
1.846146946324547647e-04 8.969936173187775817e-11
1.867545842761076063e-04 8.672178871486126970e-11
1.889192776207666380e-04 8.384305632391489160e-11
1.911090621689137778e-04 8.105988354147629936e-11
1.933242287555045097e-04 7.836909826345999073e-11
1.955650715865949168e-04 7.576763368387129764e-11
1.978318882784164360e-04 7.325252479943311239e-11
2.001249798969037010e-04 7.082090503024131579e-11
2.024446509976803791e-04 6.847000295259821363e-11
2.047912096665085318e-04 6.619713914029931642e-11
2.071649675602068924e-04 6.399972311077376618e-11
2.095662399480432926e-04 6.187525037259772486e-11
2.119953457536070929e-04 5.982129957101572759e-11
2.144526075971667385e-04 5.783552972821637012e-11
2.169383518385184322e-04 5.591567757521727315e-11
2.194529086203313715e-04 5.405955497231819427e-11
2.219966119119954869e-04 5.226504641518218370e-11
2.245697995539773994e-04 5.053010662370255906e-11
2.271728133026905069e-04 4.889239175929964714e-11
2.298059988758851082e-04 4.737958684588392450e-11
2.324697059985647986e-04 4.591359041582734925e-11
2.351642884494348565e-04 4.449295414350979282e-11
2.378901041078893431e-04 4.311627451670711632e-11
2.406475150015424170e-04 4.178219144999667203e-11
2.434368873543110473e-04 4.048938694106591024e-11
2.462585916350546540e-04 3.923658376859716461e-11
2.491130026067788590e-04 3.802254423044157462e-11
2.520004993764092018e-04 3.684606892083602340e-11
2.549214654451423018e-04 3.570599554545460596e-11
2.578762887593801043e-04 3.460119777312450968e-11
2.608653617622547997e-04 3.353058412307137009e-11
2.638890814457510296e-04 3.249309688659488222e-11
2.669478494034321025e-04 3.148771108210956925e-11
2.700420718837772652e-04 3.051343344251814120e-11
2.731721598441376204e-04 2.956930143391692385e-11
2.763385290053169780e-04 2.865438230466422171e-11
2.795415999067856643e-04 2.776777216387183156e-11
2.827817979625341181e-04 2.690859508840950716e-11
2.860595535175741895e-04 2.607600225753992218e-11
2.893753019050950264e-04 2.526917111432952125e-11
2.927294835042816242e-04 2.448730455300651787e-11
2.961225437988034676e-04 2.372963013146322480e-11
2.995549334359813402e-04 2.299539930812479895e-11
3.030271082866396216e-04 2.228388670243046100e-11
3.065395295056526901e-04 2.159438937819648244e-11
3.100926635931926419e-04 2.092622614915310274e-11
3.136869824566876504e-04 2.029236307591149804e-11
3.173229634734976343e-04 1.971032215655492733e-11
3.210010895543171532e-04 1.914497577546075764e-11
3.247218492073128513e-04 1.859584508724454999e-11
3.284857366030043374e-04 1.806246498112765927e-11
3.322932516398971773e-04 1.754438368699088095e-11
3.361449000108765071e-04 1.704116239272759833e-11
3.400411932703705929e-04 1.655237487257219468e-11
3.439826489022924688e-04 1.607760712608913044e-11
3.479697903887691386e-04 1.561645702751677394e-11
3.520031472796678832e-04 1.516853398516897926e-11
3.560832552629278054e-04 1.473345861060604853e-11
3.602106562357070192e-04 1.431086239729470302e-11
3.643858983763544296e-04 1.390038740848501922e-11
3.686095362172158059e-04 1.350168597403989382e-11
3.728821307182833642e-04 1.311442039596029829e-11
3.772042493416997554e-04 1.273826266235684223e-11
3.815764661271248614e-04 1.237289416962545636e-11
3.859993617679767291e-04 1.201800545259184908e-11
3.904735236885560211e-04 1.167329592239610856e-11
3.949995461220642823e-04 1.133847361189555747e-11
3.995780301895269734e-04 1.101325492837012947e-11
4.042095839796310290e-04 1.069736441332081125e-11
4.088948226294864268e-04 1.039053450915787239e-11
4.136343684063277602e-04 1.009250533258081982e-11
4.184288507901584705e-04 9.825531730043746532e-12
4.232789065573553029e-04 9.565953668045259430e-12
4.281851798652415507e-04 9.313233328572346881e-12
4.331483223376403108e-04 9.067189539310692702e-12
4.381689931514194582e-04 8.827645914288300988e-12
4.432478591240400501e-04 8.594430727426386276e-12
4.483855948021190545e-04 8.367376789430945703e-12
4.535828825510190908e-04 8.146321327936653465e-12
4.588404126454761296e-04 7.931105870817231743e-12
4.641588833612782196e-04 7.721576132578584835e-12
4.695390010680062978e-04 7.517581903753309662e-12
4.749814803228504748e-04 7.318976943217246040e-12
4.804870439655133953e-04 7.125618873350885234e-12
4.860564232142139006e-04 6.937369077970495876e-12
4.916903577628031373e-04 6.754092602955762542e-12
4.973895958790067184e-04 6.575658059502737269e-12
5.031548945038056761e-04 6.401937529932692732e-12
5.089870193519685114e-04 6.232806475989424698e-12
5.148867450137497919e-04 6.068143649559187977e-12
5.208548550577665184e-04 5.907831005749326574e-12
5.268921421350676549e-04 5.751753618263229122e-12
5.329994080844092930e-04 5.602197123946976114e-12
5.391774640387505179e-04 5.466907289179614696e-12
5.454271305329836403e-04 5.334884626021252035e-12
5.517492376129128854e-04 5.206050234158788650e-12
5.581446249454966122e-04 5.080327118676251048e-12
5.646141419303672649e-04 4.957640144040554207e-12
5.711586478126434762e-04 4.837915989198473776e-12
5.777790117970506940e-04 4.721083103758001163e-12
5.844761131633637767e-04 4.607071665227897699e-12
5.912508413831881436e-04 4.495813537289882016e-12
5.981040962380944435e-04 4.387242229078526966e-12
6.050367879391224625e-04 4.281292855444517590e-12
6.120498372476703168e-04 4.177902098177538751e-12
6.191441755977847598e-04 4.077008168165589390e-12
6.263207452198691922e-04 3.978550768468146370e-12
6.335804992658254208e-04 3.882471058281083953e-12
6.409244019356456464e-04 3.788711617771814744e-12
6.483534286054726779e-04 3.697216413763642201e-12
6.558685659571435525e-04 3.607930766248822514e-12
6.634708121092351002e-04 3.520801315710319515e-12
6.711611767496286933e-04 3.437137345391358490e-12
6.789406812696112013e-04 3.361950551289370751e-12
6.868103588995306923e-04 3.288408455504404354e-12
6.947712548460240100e-04 3.216475080540857244e-12
7.028244264308353096e-04 3.146115235904720397e-12
7.109709432312438749e-04 3.077294500888046121e-12
7.192118872221193223e-04 3.009979207730012121e-12
7.275483529196232748e-04 2.944136425146328947e-12
7.359814475265771296e-04 2.879733942218944367e-12
7.445122910795143496e-04 2.816740252638155758e-12
7.531420165974375561e-04 2.755124539289414890e-12
7.618717702322999347e-04 2.694856659177309367e-12
7.707027114212303652e-04 2.635907128679318126e-12
7.796360130405237399e-04 2.578247109122139502e-12
7.886728615614155540e-04 2.521848392673543062e-12
7.978144572076628855e-04 2.466683388542820382e-12
8.070620141149507367e-04 2.412725109483115155e-12
8.164167604921471590e-04 2.359947158588997404e-12
8.258799387844272151e-04 2.308323716382850142e-12
8.354528058382871408e-04 2.261488321428643800e-12
8.451366330684721229e-04 2.217174608387750920e-12
8.549327066268385105e-04 2.173729219602555046e-12
8.648423275731726865e-04 2.131135140317096625e-12
8.748668120479914266e-04 2.089375689178426671e-12
8.850074914473439122e-04 2.048434511703594875e-12
8.952657125996401179e-04 2.008295573874657234e-12
9.056428379445294243e-04 1.968943155859182499e-12
9.161402457138521178e-04 1.930361845853808195e-12
9.267593301146882789e-04 1.892536534048433346e-12
9.375015015145289968e-04 1.855452406708679032e-12
9.483681866285927856e-04 1.819094940374305710e-12
9.593608287093146345e-04 1.783449896171308688e-12
9.704808877380306743e-04 1.748503314235471338e-12
9.817298406188841586e-04 1.714241508245188350e-12
9.931091813749799713e-04 1.680651060061412707e-12
1.004620421346813248e-03 1.647718814472638446e-12
1.016265089392995096e-03 1.618333890682377331e-12
1.028044732093309679e-03 1.590320979443564764e-12
1.039960913954120214e-03 1.562792963936462285e-12
1.052015217616159145e-03 1.535741450750308661e-12
1.064209244064724582e-03 1.509158191761959216e-12
1.076544612842315982e-03 1.483035081620992825e-12
1.089022962263730540e-03 1.457364155278359582e-12
1.101645949633656921e-03 1.432137585557802959e-12
1.114415251466788041e-03 1.407347680769315703e-12
1.127332563710487130e-03 1.382986882363915990e-12
1.140399601970033122e-03 1.359047762629009551e-12
1.153618101736478534e-03 1.335523022423649125e-12
1.166989818617147380e-03 1.312405488952995130e-12
1.180516528568805639e-03 1.289688113581297577e-12
1.194200028133532475e-03 1.267363969682741291e-12
1.208042134677328851e-03 1.246808225248035035e-12
1.222044686631488684e-03 1.228082180757132632e-12
1.236209543736769200e-03 1.209637386209223822e-12
1.250538587290391272e-03 1.191469617459136947e-12
1.265033720395903781e-03 1.173574713804920543e-12
1.279696868215941504e-03 1.155948577034979541e-12
1.294529978227915981e-03 1.138587170489521327e-12
1.309535020482667771e-03 1.121486518136096185e-12
1.324713987866117399e-03 1.104642703659025533e-12
1.340068896363950761e-03 1.088051869562503066e-12
1.355601785329368925e-03 1.071710216287169902e-12
1.371314717753945684e-03 1.055614001339954710e-12
1.387209780541621062e-03 1.039759538436985547e-12
1.403289084785873256e-03 1.024143196659373890e-12
1.419554766050101563e-03 1.010731046283853007e-12
1.436008984651260603e-03 9.978712019936734529e-13
1.452653925946781202e-03 9.851749774871901078e-13
1.469491800624817164e-03 9.726402909791945072e-13
1.486524844997857194e-03 9.602650871716778566e-13
1.503755321299738400e-03 9.480473369168239984e-13
1.521185517986104949e-03 9.359850368842929741e-13
1.538817750038346368e-03 9.240762092327384343e-13
1.556654359271062099e-03 9.123189012855013418e-13
1.574697714643086797e-03 9.007111852104336205e-13
1.592950212572122977e-03 8.892511577037925786e-13
1.611414277253019837e-03 8.779369396781587495e-13
1.630092360979741193e-03 8.683464926812481418e-13
1.648986944471065013e-03 8.592965139599397428e-13
1.668100537200059227e-03 8.503408548628213229e-13
1.687435677727375672e-03 8.414785323829949248e-13
1.706994934038407906e-03 8.327085737585415260e-13
1.726780903884356060e-03 8.240300163657471882e-13
1.746796215127245774e-03 8.154419076134422446e-13
1.767043526088946754e-03 8.069433048384395925e-13
1.787525525904235402e-03 7.985332752020664342e-13
1.808244934877951829e-03 7.902108955877710911e-13
1.829204504846293749e-03 7.822443905131237385e-13
1.850407019542302115e-03 7.758960931276194142e-13
1.871855294965579265e-03 7.695993152930171207e-13
1.893552179756295304e-03 7.633536389028599015e-13
1.915500555573527823e-03 7.571586492438311114e-13
1.937703337477988952e-03 7.510139349682148150e-13
1.960163474319185500e-03 7.449190880665854979e-13
1.982883949127071596e-03 7.388737038407126513e-13
2.005867779508234156e-03 7.328773808766923457e-13
2.029118018046678195e-03 7.269297210182908515e-13
2.052637752709252084e-03 7.222411615587917775e-13
2.076430107255774777e-03 7.180496181008237044e-13
2.100498241653915316e-03 7.138824003632594715e-13
2.124845352498882720e-03 7.097393671712119041e-13
2.149474673437980470e-03 7.056203781691060261e-13
2.174389475600079814e-03 7.015252938159237806e-13
2.199593068030074750e-03 6.974539753804765198e-13
2.225088798128369450e-03 6.934062849367052614e-13
2.250880052095461867e-03 6.898147754760521319e-13
2.276970255381679901e-03 6.874099661691074077e-13
2.303362873142131284e-03 6.850135404283145353e-13
2.330061410696924844e-03 6.826254690271643730e-13
2.357069413996727789e-03 6.802457228410361955e-13
2.384390470093720581e-03 6.778742728468424662e-13
2.412028207618007077e-03 6.755110901226749234e-13
2.439986297259550199e-03 6.731561458474522804e-13
2.468268452255692556e-03 6.716992424920290590e-13
2.496878428884326609e-03 6.709177818402859244e-13
2.525820026962784671e-03 6.701372303465580476e-13
2.555097090352506824e-03 6.693575869531234605e-13
2.584713507469563968e-03 6.685788506034901613e-13
2.614673211801091940e-03 6.678010202423959132e-13
2.644980182427719966e-03 6.670240948158056187e-13
2.675638444552045497e-03 6.668886561072416020e-13
2.706652070033241288e-03 6.676654237797457311e-13
2.738025177927857611e-03 6.684430962030077375e-13
2.769761935036890721e-03 6.692216744308485523e-13
2.801866556459195207e-03 6.700011595183162461e-13
2.834343306151309184e-03 6.707815525216879476e-13
2.867196497493769945e-03 6.715628544984714587e-13
2.900430493863991651e-03 6.733015511357429673e-13
2.934049709215786998e-03 6.756570040913860194e-13
2.968058608665602276e-03 6.780206972755223987e-13
3.002461709085549064e-03 6.803926595154591577e-13
3.037263579703311511e-03 6.827729197393516298e-13
3.072468842709003348e-03 6.851615069765566374e-13
3.108082173869063970e-03 6.875584503579858002e-13
3.144108303147264728e-03 6.915519329404922368e-13
3.180552015332919948e-03 6.955887987883267966e-13
3.217418150676371654e-03 6.996492294403316901e-13
3.254711605531848163e-03 7.037333624537150378e-13
3.292437333007768984e-03 7.078413361886617554e-13
3.330600343624588386e-03 7.119732898130200689e-13
3.369205705980266984e-03 7.167531397567842274e-13
3.408258547423452002e-03 7.226175359349223771e-13
3.447764054734464220e-03 7.285299139643097915e-13
3.487727474814177487e-03 7.344906664272307107e-13
3.528154115380883159e-03 7.405001891180358918e-13
3.569049345675229679e-03 7.465588810694209409e-13
3.610418597173337477e-03 7.526671445789247700e-13
3.652267364308175480e-03 7.598800151420592006e-13
3.694601205199302477e-03 7.678829545885278143e-13
3.737425742391064371e-03 7.759701797623580554e-13
3.780746663599349276e-03 7.841425783478672188e-13
3.824569722466999305e-03 7.924010473783267150e-13
3.868900739327975347e-03 8.007464933344246333e-13
3.913745601980383668e-03 8.091798322437647055e-13
3.959110266468458469e-03 8.185941189783145751e-13
4.005000757873610970e-03 8.291435695345441365e-13
4.051423171114646934e-03 8.398289738002596236e-13
4.098383671757261509e-03 8.506520838488058019e-13
4.145888496832911101e-03 8.616146743329851353e-13
4.193943955667186335e-03 8.727185427760450216e-13
4.242556430717777174e-03 8.839655098664164216e-13
4.291732378422157684e-03 8.953574197562493198e-13
4.341478330055092809e-03 9.085465459793051915e-13
4.391800892596085977e-03 9.224002467402552152e-13
4.442706749606882902e-03 9.364651915212535235e-13
4.494202662119141725e-03 9.507446014136737557e-13
4.546295469532399616e-03 9.652417466247390234e-13
4.598992090522438167e-03 9.799599472264508531e-13
4.652299523960188969e-03 9.949025739159378057e-13
4.706224849841281720e-03 1.010073048787397348e-12
4.760775230226368428e-03 1.026195692369685315e-12
4.815957910192351227e-03 1.044271746962174912e-12
4.871780218794630885e-03 1.062666204518212353e-12
4.928249570040513054e-03 1.081384673587311885e-12
4.985373463873893699e-03 1.100432861511496170e-12
5.043159487171358993e-03 1.119816576165490021e-12
5.101615314749833284e-03 1.139541727727566673e-12
5.160748710385907809e-03 1.159614330481586995e-12
5.220567527846975073e-03 1.180040504650779953e-12
5.281079711934331088e-03 1.200826478263824909e-12
5.342293299538352150e-03 1.224212884085022143e-12
5.404216420705915298e-03 1.248680699222845525e-12
5.466857299720180412e-03 1.273637542033388798e-12
5.530224256192900478e-03 1.299093186501920857e-12
5.594325706169377133e-03 1.325057601962137883e-12
5.659170163246242738e-03 1.351540957000512583e-12
5.724766239702178301e-03 1.378553623438671441e-12
5.791122647641758041e-03 1.406106180395367099e-12
5.858248200152535966e-03 1.434209418429639444e-12
5.926151812475552276e-03 1.462874343766778164e-12
5.994842503189408769e-03 1.492118111496786657e-12
6.064329395408061575e-03 1.525487899515212379e-12
6.134621717992506419e-03 1.559603970782809692e-12
6.205728806776500406e-03 1.594483015207456868e-12
6.277660105806499857e-03 1.630142095950789302e-12
6.350425168595961664e-03 1.666598657775658322e-12
6.424033659394191159e-03 1.703870535580277776e-12
6.498495354469888304e-03 1.741975963123221528e-12
6.573820143409585606e-03 1.780933581943559655e-12
6.650018030431118291e-03 1.820762450480472594e-12
6.727099135712336607e-03 1.861482053396821863e-12
6.805073696735206880e-03 1.903112311111235724e-12
6.883952069645496441e-03 1.945673589543364900e-12
6.963744730628221996e-03 1.992923991371980581e-12
7.044462277299036630e-03 2.042242983488469376e-12
7.126115430111745405e-03 2.092782475229589987e-12
7.208715033782135163e-03 2.144572670362078629e-12
7.292272058728312828e-03 2.197644520106841057e-12
7.376797602527730875e-03 2.252029741636227692e-12
7.462302891391108146e-03 2.307760837029080516e-12
7.548799281653431614e-03 2.364871112694849538e-12
7.636298261282242067e-03 2.423394699278409037e-12
7.724811451403399733e-03 2.483366572057446528e-12
7.814350607844541483e-03 2.544822571844642336e-12
7.904927622696419562e-03 2.607799426407101195e-12
7.996554525892346499e-03 2.672334772415866071e-12
8.089243486805938743e-03 2.739842376686619173e-12
8.183006815867388886e-03 2.814189692072160833e-12
8.277856966198472027e-03 2.890554467787564040e-12
8.373806535266490117e-03 2.968991448865134335e-12
8.470868266557402340e-03 3.049556865877442650e-12
8.569055051268347975e-03 3.132308475248389996e-12
8.668379930019773361e-03 3.217305600658108242e-12
8.768856094587426653e-03 3.304609175571448033e-12
8.870496889654402514e-03 3.394281786920457567e-12
8.973315814583519498e-03 3.486387719972256034e-12
9.077326525210224414e-03 3.580993004414394122e-12
9.182542835656282154e-03 3.678165461690781559e-12
9.288978720164497299e-03 3.777974753622106996e-12
9.396648314954691300e-03 3.880492432345596024e-12
9.505565920101191960e-03 3.985791991609917212e-12
9.615746001432095430e-03 4.098496474352208871e-12
9.727203192450536648e-03 4.219524057613616829e-12
9.839952296278226679e-03 4.344125555358486353e-12
9.954008287621518916e-03 4.472406504394136009e-12
1.006938631476027128e-02 4.604475558003600932e-12
1.018610170155975249e-02 4.740444577974389778e-12
1.030416994950587514e-02 4.880428729344817570e-12
1.042360673976401239e-02 5.024546577948192139e-12
1.054442793526168438e-02 5.172920190837430062e-12
1.066664958279538861e-02 5.325675239675225769e-12
1.079028791516183604e-02 5.482941107177255424e-12
1.091535935331391059e-02 5.644850996698673603e-12
1.104188050854160164e-02 5.811542045056639883e-12
1.116986818467822530e-02 5.983155438684464794e-12
1.129933938033221737e-02 6.159836533215794272e-12
1.143031129114478565e-02 6.342432966383778735e-12
1.156280131207375328e-02 6.544943464961266379e-12
1.169682703970384603e-02 6.753920015643908299e-12
1.183240627458377950e-02 6.969569076023391680e-12
1.196955702359042868e-02 7.192103695772078077e-12
1.210829750232039412e-02 7.421743727124619430e-12
1.224864613750930795e-02 7.658716042080166946e-12
1.239062156947915577e-02 7.903254756539668708e-12
1.253424265461399421e-02 8.155601461599805492e-12
1.267952846786433996e-02 8.416005462232003991e-12
1.282649830528059809e-02 8.684724023582314289e-12
1.297517168657586796e-02 8.962022625135577766e-12
1.312556835771842845e-02 9.248175222994841039e-12
1.327770829355429116e-02 9.543464520535253058e-12
1.343161170046015297e-02 9.848182247699829865e-12
1.358729901902709127e-02 1.016262944921290167e-11
1.374479092677536630e-02 1.049798368483818830e-11
1.390410834090069665e-02 1.085842958218735696e-11
1.406527242105236331e-02 1.123125130796379583e-11
1.422830457214351897e-02 1.161687378343970937e-11
1.439322644719406505e-02 1.201573651946314486e-11
1.456005995020648487e-02 1.242829411738780024e-11
1.472882723907501835e-02 1.285501678720211244e-11
1.489955072852853710e-02 1.329639088344820416e-11
1.507225309310755539e-02 1.375291945954149566e-11
1.524695727017572923e-02 1.422512284112273756e-11
1.542368646296627364e-02 1.471353921909595666e-11
1.560246414366367983e-02 1.521872526302825884e-11
1.578331405652116590e-02 1.574125675561051291e-11
1.596626022101425152e-02 1.628172924890217533e-11
1.615132693503091438e-02 1.684075874310811886e-11
1.633853877809861993e-02 1.741898238866086309e-11
1.652792061464895476e-02 1.805870633443880833e-11
1.671949759731990170e-02 1.872228592992378760e-11
1.691329517029648705e-02 1.941024921443880833e-11
1.710933907269015022e-02 2.012349218342249634e-11
1.730765534195725930e-02 2.086294375628267031e-11
1.750827031735725098e-02 2.162956698621016832e-11
1.771121064345088786e-02 2.242436031444834614e-11
1.791650327363901452e-02 2.324835887065131186e-11
1.812417547374237797e-02 2.410263582102487531e-11
1.833425482562290806e-02 2.498830376600585176e-11
1.854676923084699544e-02 2.590651618929995953e-11
1.876174691439121481e-02 2.685846896016574414e-11
1.897921642839101378e-02 2.784540189090084641e-11
1.919920665593284614e-02 2.886860035155927524e-11
1.942174681489026306e-02 2.992939694400247157e-11
1.964686646180446514e-02 3.106769861116659434e-11
1.987459549580983947e-02 3.228437873089047338e-11
2.010496416260499145e-02 3.354870674794520710e-11
2.033800305846981960e-02 3.486254865987875224e-11
2.057374313432913659e-02 3.622784354084991999e-11
2.081221569986339143e-02 3.764660640347071375e-11
2.105345242766706176e-02 3.912093117272506759e-11
2.129748535745520921e-02 4.065299377635263113e-11
2.154434690031884619e-02 4.224505535625893952e-11
2.179406984302955860e-02 4.389946560569142916e-11
2.204668735239409885e-02 4.561866623710700457e-11
2.230223297965938656e-02 4.740519458584853522e-11
2.256074066496861416e-02 4.926168735494962218e-11
2.282224474186898486e-02 5.119088450659437739e-11
2.308677994187169694e-02 5.319563330597496859e-11
2.335438139906479207e-02 5.527889252351600727e-11
2.362508465477947475e-02 5.746835731570925334e-11
2.389892566231050300e-02 5.985814383606611698e-11
2.417594079169130966e-02 6.234730816848580180e-11
2.445616683452446483e-02 6.493998287855360807e-11
2.473964100886814205e-02 6.764047238206946419e-11
2.502640096417919208e-02 7.045326009133380108e-11
2.531648478631355614e-02 7.338301585860786490e-11
2.560993100258459471e-02 7.643460372910536402e-11
2.590677858688008803e-02 7.961309001638781512e-11
2.620706696483852613e-02 8.292375171357041546e-11
2.651083601908538895e-02 8.637208525430199981e-11
2.681812609453015570e-02 8.996381563806606110e-11
2.712897800372467139e-02 9.370490593495099336e-11
2.744343303228365463e-02 9.760156718567098703e-11
2.776153294436800936e-02 1.016602687132725179e-10
2.808331998823172457e-02 1.058877488636477628e-10
2.840883690183304208e-02 1.102910261926850406e-10
2.873812691851066262e-02 1.148774111186302561e-10
2.907123377272578454e-02 1.196545180590047373e-10
2.940820170587063812e-02 1.246627344978375924e-10
2.974907547214440673e-02 1.301494158616618328e-10
3.009390034449721182e-02 1.358775781500735024e-10
3.044272212064302874e-02 1.418578494701327872e-10
3.079558712914226559e-02 1.481013256952869419e-10
3.115254223555487950e-02 1.546195910527991789e-10
3.151363484866478992e-02 1.614247396172743545e-10
3.187891292677645649e-02 1.685293977501636540e-10
3.224842498408442282e-02 1.759467475268797610e-10
3.262222009711669701e-02 1.836905511949915985e-10
3.300034791125285027e-02 1.917751767088787823e-10
3.338285864731761060e-02 2.002156243882208208e-10
3.376980310825091619e-02 2.090275547497864902e-10
3.416123268585528200e-02 2.182273175641605983e-10
3.455719936762139538e-02 2.278319821913223749e-10
3.495775574363275268e-02 2.378593692513578905e-10
3.536295501355042614e-02 2.483280836890716637e-10
3.577285099367873145e-02 2.592575492938443243e-10
3.618749812411280187e-02 2.706680447387838944e-10
3.660695147596902677e-02 2.825807412060413876e-10
3.703126675869927026e-02 2.950177416680976386e-10
3.746050032748993175e-02 3.080021218979084833e-10
3.789470919074667404e-02 3.215579732839925708e-10
3.833395101766601254e-02 3.357104475299107990e-10
3.877828414589457040e-02 3.504858033210626424e-10
3.922776758927719321e-02 3.663397179886017650e-10
3.968246104569481819e-02 3.833546125979157956e-10
4.014242490499322219e-02 4.011597754319138239e-10
4.060772025700365440e-02 4.197919110298409833e-10
4.107840889965647113e-02 4.392894286979566949e-10
4.155455334718875099e-02 4.596925216885830815e-10
4.203621683844713935e-02 4.810432500566835104e-10
4.252346334528681743e-02 5.033856273647613132e-10
4.301635758106794882e-02 5.267657114148379980e-10
4.351496500925049887e-02 5.512316991945266665e-10
4.401935185208874501e-02 5.768340262329499297e-10
4.452958509942655380e-02 6.036254705713034533e-10
4.504573251759458330e-02 6.316612615624071721e-10
4.556786265841063915e-02 6.609991937235193056e-10
4.609604486828433600e-02 6.916997458771276404e-10
4.663034929742731344e-02 7.238262058253081048e-10
4.717084690917017209e-02 7.574448008146733337e-10
4.771760948938745528e-02 7.926248340608515264e-10
4.827070965603182801e-02 8.294388276139331490e-10
4.883022086877879947e-02 8.679626718594081035e-10
4.939621743878321036e-02 9.082757819627628085e-10
4.996877453854883799e-02 9.504612615802622536e-10
5.054796821191240297e-02 9.946060741733830399e-10
5.113387538414326111e-02 1.040801222280065477e-09
5.172657387216018920e-02 1.089141935112331190e-09
5.232614239486661767e-02 1.139727864867011127e-09
5.293266058360561466e-02 1.192663292154243291e-09
5.354620899273607876e-02 1.248057340967245110e-09
5.416686911033152113e-02 1.306024203636498247e-09
5.479472336900287344e-02 1.366683376232082338e-09
5.542985515684668851e-02 1.430159904899425841e-09
5.607234882852032976e-02 1.496584643636291976e-09
5.672228971644543288e-02 1.566094524042383667e-09
5.737976414214134013e-02 1.640489331154863768e-09
5.804485942768977669e-02 1.720684350407550273e-09
5.871766390733255264e-02 1.804799688427817387e-09
5.939826693920356032e-02 1.893026989277633158e-09
6.008675891719687107e-02 1.985567265503694590e-09
6.078323128297229844e-02 2.082631356114072710e-09
6.148777653810023197e-02 2.184440406942976123e-09
6.220048825634711537e-02 2.291226374498044718e-09
6.292146109610344262e-02 2.403232554438139730e-09
6.365079081295571539e-02 2.520714135885658135e-09
6.438857427240420039e-02 2.643938782836310726e-09
6.513490946272802729e-02 2.773187243991020025e-09
6.588989550799949357e-02 2.908753992399317707e-09
6.665363268124913088e-02 3.050947896371603519e-09
6.742622241778342684e-02 3.200092923188832588e-09
6.820776732865685421e-02 3.356528877212900708e-09
6.899837121430017761e-02 3.520612174079449903e-09
6.979813907830660635e-02 3.692716652736921248e-09
7.060717714137772216e-02 3.873234427181989171e-09
7.142559285543126357e-02 4.062576779831956577e-09
7.225349491787214085e-02 4.261175098569447846e-09
7.309099328602911005e-02 4.469481859594393404e-09
7.393819919175866062e-02 4.687971658322546628e-09
7.479522515621821188e-02 4.917142290679277727e-09
7.566218500481054765e-02 5.157515887252217141e-09
7.653919388230147336e-02 5.409640102886744921e-09
7.742636826811269413e-02 5.674089364434646206e-09
7.832382599179196769e-02 5.951466179498711040e-09
7.923168624866253062e-02 6.242402509155068594e-09
8.015006961565404597e-02 6.547561207780863731e-09
8.107909806731686264e-02 6.867637533267533441e-09
8.201889499202202893e-02 7.203360731060694915e-09
8.296958520834907258e-02 7.555495695635447353e-09
8.393129498166364277e-02 7.924844713192617515e-09
8.490415204088747059e-02 8.312249289546460649e-09
8.588828559546249353e-02 8.718592067368147551e-09
8.688382635251183650e-02 9.144798837153547333e-09
8.789090653419955046e-02 9.591840646496625861e-09
8.890965989529157898e-02 1.006073601247440322e-08
8.994022174092043687e-02 1.055255324218391510e-08
9.098272894455558535e-02 1.106841286671814603e-08
9.203731996618221001e-02 1.160949019412647570e-08
9.310413487069074678e-02 1.219525090496288342e-08
9.418331534647951531e-02 1.282122880365714873e-08
9.527500472427290201e-02 1.347933792562081070e-08
9.637934799615785475e-02 1.417122755513521389e-08
9.749649183484086767e-02 1.489863163365826198e-08
9.862658461312820424e-02 1.566337310524717143e-08
9.976977642363200893e-02 1.646736848503035479e-08
1.009262190987048335e-01 1.731263266217732328e-08
1.020960662306047567e-01 1.820128394940301946e-08
1.032794731918952463e-01 1.913554939166204463e-08
1.044765971560805279e-01 2.011777034733572798e-08
1.056875971184805113e-01 2.115040835589971130e-08
1.069126339173477186e-01 2.223605130677691163e-08
1.081518702552289185e-01 2.337741992483540438e-08
1.094054707205743548e-01 2.457737458878469080e-08
1.106736018095974550e-01 2.583892249955775689e-08
1.119564319483879467e-01 2.716522521664369883e-08
1.132541315152812700e-01 2.855960658125759872e-08
1.145668728634872680e-01 3.002556104620388308e-08
1.158948303439811811e-01 3.156676243330861549e-08
1.172381803286599716e-01 3.318707314036772394e-08
1.185971012337670577e-01 3.489055382068452266e-08
1.199717735435885529e-01 3.668147355945457244e-08
1.213623798344241750e-01 3.856432057250061219e-08
1.227691047988360429e-01 4.054381345416999932e-08
1.241921352701784581e-01 4.262491300258233371e-08
1.256316602474121524e-01 4.481283465186336667e-08
1.270878709202059587e-01 4.711306154252055549e-08
1.285609606943296512e-01 4.953135826271670202e-08
1.300511252173409960e-01 5.207378529487809071e-08
1.315585624045705337e-01 5.474671420384205413e-08
1.330834724654076096e-01 5.755684360460656248e-08
1.346260579298911020e-01 6.051121594969902225e-08
1.361865236756082675e-01 6.361723517823432576e-08
1.377650769549055021e-01 6.688268527089327253e-08
1.393619274224143501e-01 7.031574975732099635e-08
1.409772871628967583e-01 7.392503222483353253e-08
1.426113707194129887e-01 7.771957787982913449e-08
1.442643951218158804e-01 8.170889621593829204e-08
1.459365799155757648e-01 8.590298484572334816e-08
1.476281471909391130e-01 9.031235455564937360e-08
1.493393216124253298e-01 9.494805564711854576e-08
1.510703304486655518e-01 9.982170562958028730e-08
1.528214036025870859e-01 1.049455183351191002e-07
1.545927736419478449e-01 1.103323345274833147e-07
1.563846758302247786e-01 1.160971037506365880e-07
1.581973481578601570e-01 1.223408260016228101e-07
1.600310313738701751e-01 1.289203367114769908e-07
1.618859690178199306e-01 1.358536946413957098e-07
1.637624074521689121e-01 1.431599297558657059e-07
1.656605958949915192e-01 1.508590954541436117e-07
1.675807864530768909e-01 1.589723236107549424e-07
1.695232341554121502e-01 1.675218825760793414e-07
1.714881969870540868e-01 1.765312382962182452e-07
1.734759359233932485e-01 1.860251187198993149e-07
1.754867149648152158e-01 1.960295816691950493e-07
1.775208011717636092e-01 2.065720863603403883e-07
1.795784647002096890e-01 2.176815687709522871e-07
1.816599788375328484e-01 2.293885210605119805e-07
1.837656200388172456e-01 2.417250752620932323e-07
1.858956679635688225e-01 2.547250914750468203e-07
1.880504055128583429e-01 2.684242508007035031e-07
1.902301188668945875e-01 2.828601532761730862e-07
1.924350975230332272e-01 2.980724210750421584e-07
1.946656343342263173e-01 3.141028072582234517e-07
1.969220255479173509e-01 3.309953103734412289e-07
1.992045708453871189e-01 3.487962952179007676e-07
2.015135733815558439e-01 3.675546200955928655e-07
2.038493398252464173e-01 3.873217709185178347e-07
2.062121803999144576e-01 4.081520025198989977e-07
2.086024089248504909e-01 4.301024875672411187e-07
2.110203428568596662e-01 4.532334734839624268e-07
2.134663033324245562e-01 4.776084478102969475e-07
2.159406152103567622e-01 5.032943124573361967e-07
2.184436071149428449e-01 5.303615673324814610e-07
2.209756114795903281e-01 5.588845038403056678e-07
2.235369645909796588e-01 5.889414087899261485e-07
2.261280066337279515e-01 6.206147792685471055e-07
2.287490817355704031e-01 6.539915490709429823e-07
2.314005380130653988e-01 6.891633273063565275e-07
2.340827276178294447e-01 7.262266498377145584e-07
2.367960067833078663e-01 7.652832442432923167e-07
2.395407358720879343e-01 8.064403090280590479e-07
2.423172794237600791e-01 8.498108078510591331e-07
2.451260062033339682e-01 8.955137795763901976e-07
2.479672892502160220e-01 9.436746649987809744e-07
2.508415059277541159e-01 9.964298640783624251e-07
2.537490379733571833e-01 1.052465504150827024e-06
2.566902715491952147e-01 1.111652387548615889e-06
2.596655972934872603e-01 1.174167728888756892e-06
2.626754103723838440e-01 1.240198708702443973e-06
2.657201105324506485e-01 1.309943033882282944e-06
2.688001021537607671e-01 1.383609529647094339e-06
2.719157943036019098e-01 1.461418764796673221e-06
2.750676007908067211e-01 1.543603712128651649e-06
2.782559402207125943e-01 1.630410445994828734e-06
2.814812360507581435e-01 1.722098879085557162e-06
2.847439166467247706e-01 1.818943540648253410e-06
2.880444153396297668e-01 1.921234398470116386e-06
2.913831704832788860e-01 2.029277727086212268e-06
2.947606255124858854e-01 2.143397024812448480e-06
2.981772290019673588e-01 2.263933982349215871e-06
3.016334347259197468e-01 2.391249505855810729e-06
3.051297017182870719e-01 2.525724797558884486e-06
3.086664943337274480e-01 2.667762497130459498e-06
3.122442823092858033e-01 2.817787887252916143e-06
3.158635408267819189e-01 2.976250166980650336e-06
3.195247505759213347e-01 3.143623796711021678e-06
3.232283978181380579e-01 3.320409918791642272e-06
3.269749744511767919e-01 3.507137858017493939e-06
3.307649780744242318e-01 3.704366706510664503e-06
3.345989120549974771e-01 3.912686997727996003e-06
3.384772855945982761e-01 4.132722474608939019e-06
3.424006137971425390e-01 4.365131957157689289e-06
3.463694177371734462e-01 4.610611315051428475e-06
3.503842245290675894e-01 4.869895551181001001e-06
3.544455673970435816e-01 5.143761002362434789e-06
3.585539857459816848e-01 5.444685594690433268e-06
3.627100252330648367e-01 5.764279798313651859e-06
3.669142378402494020e-01 6.102633662749819137e-06
3.711671819475766965e-01 6.460848349627735257e-06
3.754694224073336639e-01 6.840089656975811300e-06
3.798215306190736440e-01 7.241591813273761996e-06
3.842240846055061110e-01 7.666661494208983446e-06
3.886776690892667641e-01 8.116682075210000671e-06
3.931828755705770173e-01 8.593118133596777452e-06
3.977403024058036585e-01 9.097520214999832173e-06
4.023505548869293347e-01 9.631529879560511869e-06
4.070142453219439127e-01 1.019688504433496607e-05
4.117319931161679269e-01 1.079542563928864379e-05
4.165044248545184957e-01 1.142909959528834430e-05
4.213321743847289191e-01 1.209996918357984392e-05
4.262158829015325057e-01 1.281021772738239918e-05
4.311561990318228399e-01 1.356215670744311863e-05
4.361537789208005944e-01 1.435823328467567570e-05
4.412092863191189873e-01 1.520103826436579765e-05
4.463233926710397093e-01 1.609331452786275262e-05
4.514967772036102001e-01 1.703796595919717492e-05
4.567301270168747096e-01 1.804948352312549237e-05
4.620241371751312998e-01 1.915349966464046462e-05
4.673795107992463338e-01 2.032504414507791914e-05
4.727969591600390542e-01 2.156824740817519907e-05
4.782772017727485170e-01 2.288749254071905249e-05
4.838209664925957054e-01 2.428743072573045594e-05
4.894289896114531468e-01 2.577299764086009027e-05
4.951020159556351330e-01 2.734943085980961745e-05
5.008407989848212560e-01 2.902228831812922601e-05
5.066461008921268050e-01 3.079746790849610503e-05
5.125186927053332342e-01 3.268122827455898546e-05
5.184593543892912493e-01 3.468021087666065655e-05
5.244688749495118874e-01 3.680146340723425275e-05
5.305480525369574707e-01 3.905246463842761855e-05
5.366976945540475885e-01 4.144115078955910088e-05
5.429186177618943177e-01 4.402547569737235480e-05
5.492116483887788947e-01 4.682723647196056097e-05
5.555776222398878250e-01 4.980729999771003625e-05
5.620173848083187540e-01 5.297701337868455798e-05
5.685317913873753071e-01 5.634844584336761261e-05
5.751217071841613349e-01 5.993443470032342520e-05
5.817880074344935482e-01 6.374863421845628994e-05
5.885315775191450882e-01 6.780556761798583608e-05
5.953533130814370189e-01 7.212068237010426286e-05
6.022541201461928395e-01 7.671040901587802688e-05
6.092349152400711176e-01 8.163940087799127950e-05
6.162966255132942273e-01 8.703729640309987271e-05
6.234401888627864041e-01 9.279209405863351025e-05
6.306665540567405470e-01 9.892739176902592187e-05
6.379766808606281980e-01 1.054683477240890251e-04
6.453715401646702432e-01 1.124417835418172878e-04
6.528521141127847649e-01 1.198762942521870446e-04
6.604193962330304757e-01 1.278023655529492055e-04
6.680743915695614987e-01 1.365583581524561815e-04
6.758181168161110364e-01 1.459267741481179773e-04
6.836516004510237998e-01 1.559378986491779205e-04
6.915758828738525210e-01 1.666358238717696001e-04
6.995920165435374205e-01 1.780676669235709355e-04
7.077010661181889484e-01 1.905548770699949516e-04
7.159041085964887863e-01 2.041022894077191489e-04
7.242022334607315370e-01 2.186128488654243769e-04
7.325965428215229780e-01 2.341550299496510459e-04
7.410881515641569717e-01 2.511284470807379214e-04
7.496781874966876869e-01 2.696092763961078511e-04
7.583677914997191127e-01 2.894501310537045250e-04
7.671581176779301847e-01 3.110421989761991048e-04
7.760503335133570602e-01 3.347105068439987360e-04
7.850456200204509738e-01 3.601798204890491748e-04
7.941451719029339884e-01 3.883851205990744440e-04
8.033501977124734017e-01 4.189128933130926232e-04
8.126619200091945716e-01 4.527143666062082841e-04
8.220815755240540312e-01 4.895802277681416802e-04
8.316104153230962082e-01 5.305266909313581568e-04
8.412497049736118448e-01 5.758210478912428529e-04
8.510007247122246543e-01 6.261078909148312622e-04
8.608647696149244188e-01 6.822772748662517348e-04
8.708431497690723999e-01 7.453484065557719647e-04
8.809371904473990433e-01 8.165007160233013657e-04
8.911482322840201808e-01 8.977266516018638865e-04
9.014776314524917122e-01 9.908867471787564333e-04
9.119267598459298574e-01 1.099061997154973094e-03
9.224970052592174063e-01 1.226455451110623675e-03
9.331897715733238341e-01 1.375882462502051344e-03
9.440064789417603741e-01 1.543943434613177573e-03
9.549485639791965852e-01 1.732532679390540523e-03
9.660174799522646127e-01 1.944157679525488572e-03
9.772146969725724608e-01 2.181632201123931501e-03
9.885417021919573610e-01 2.448113705541884056e-03
1.000000000000000000e+00 2.747145330993192806e-03
