1.000000000000000000e+00 2.459606683638629620e-07
1.976539589442815270e+00 2.702778708668637180e-10
2.953079178885630540e+00 2.051946511971122165e-11
3.929618768328445810e+00 5.245670866751043833e-12
4.906158357771261080e+00 2.194180519674918326e-12
5.882697947214076351e+00 1.271081730917397726e-12
6.859237536656891621e+00 9.649357804164419725e-13
7.835777126099706891e+00 9.020509739075715202e-13
8.812316715542522161e+00 9.338411121516830725e-13
9.788856304985337431e+00 9.980808088676160626e-13
1.076539589442815270e+01 1.078496942020594704e-12
1.174193548387096797e+01 1.167079523033836354e-12
1.271847507331378324e+01 1.262823315923436365e-12
1.369501466275659851e+01 1.371007301945983879e-12
1.467155425219941378e+01 1.480052517475778127e-12
1.564809384164222905e+01 1.589907740688353075e-12
1.662463343108504432e+01 1.700527821639778672e-12
1.760117302052785959e+01 1.827337468328549175e-12
1.857771260997067486e+01 1.961609306795923818e-12
1.955425219941349013e+01 2.098110393103268614e-12
2.053079178885630540e+01 2.236763591722118773e-12
2.150733137829912067e+01 2.377498010307375610e-12
2.248387096774193594e+01 2.520248231372319210e-12
2.346041055718475121e+01 2.664953668073327249e-12
2.443695014662756648e+01 2.811558019680335906e-12
2.541348973607038175e+01 2.960008807907791867e-12
2.639002932551319702e+01 3.110256979428587662e-12
2.736656891495601229e+01 3.269272163781683946e-12
2.834310850439882756e+01 3.447644543200569145e-12
2.931964809384164283e+01 3.629211616269873788e-12
3.029618768328445810e+01 3.813921328025440078e-12
3.127272727272727337e+01 4.001724137195351564e-12
3.224926686217008864e+01 4.192572819424385236e-12
3.322580645161290391e+01 4.386422291445762504e-12
3.420234604105571918e+01 4.583229453415006410e-12
3.517888563049853445e+01 4.782953047060572168e-12
3.615542521994134972e+01 4.985553527666066841e-12
3.713196480938416499e+01 5.190992948195300278e-12
3.810850439882698026e+01 5.399234854116956042e-12
3.908504398826979553e+01 5.610244187690025891e-12
4.006158357771261080e+01 5.823987200642221842e-12
4.103812316715542607e+01 6.040431374317342065e-12
4.201466275659824134e+01 6.259545346489006507e-12
4.299120234604105661e+01 6.481298844141235627e-12
4.396774193548387188e+01 6.705662621604015473e-12
4.494428152492668715e+01 6.932608403507072694e-12
4.592082111436950242e+01 7.162108832079409310e-12
4.689736070381231769e+01 7.394137418377615809e-12
4.787390029325513296e+01 7.628668497073917235e-12
4.885043988269794824e+01 7.891851471315913434e-12
4.982697947214076351e+01 8.164692861511843957e-12
5.080351906158357878e+01 8.441396430407859169e-12
5.178005865102639405e+01 8.721941033257409707e-12
5.275659824046920932e+01 9.006306040456318019e-12
5.373313782991202459e+01 9.294471315623797528e-12
5.470967741935483986e+01 9.586417195000212466e-12
5.568621700879765513e+01 9.882124468060229372e-12
5.666275659824047040e+01 1.018157435924945918e-11
5.763929618768328567e+01 1.048474851076114648e-11
5.861583577712610094e+01 1.079162896627690540e-11
5.959237536656891621e+01 1.110219815560231156e-11
6.056891495601173148e+01 1.141643888013414480e-11
6.154545454545454675e+01 1.173433429910149829e-11
6.252199413489736202e+01 1.205586791652784816e-11
6.349853372434017729e+01 1.238102356886558872e-11
6.447507331378298545e+01 1.270978541325842999e-11
6.545161290322580783e+01 1.304213791639081406e-11
6.642815249266863020e+01 1.337806584388641774e-11
6.740469208211143837e+01 1.371755425022121980e-11
6.838123167155424653e+01 1.406058846911886933e-11
6.935777126099706891e+01 1.440715410439874172e-11
7.033431085043989128e+01 1.475723702124924295e-11
7.131085043988269945e+01 1.511082333790093777e-11
7.228739002932550761e+01 1.546789941767598213e-11
7.326392961876832999e+01 1.582845186139184570e-11
7.424046920821115236e+01 1.619246750009912651e-11
7.521700879765396053e+01 1.655993338813451663e-11
7.619354838709676869e+01 1.693083679647126200e-11
7.717008797653959107e+01 1.730516520635073764e-11
7.814662756598241344e+01 1.768290630317985808e-11
7.912316715542522161e+01 1.806404797067993777e-11
8.009970674486802977e+01 1.844857828527380530e-11
8.107624633431085215e+01 1.883648551069848270e-11
8.205278592375367452e+01 1.922775809283190743e-11
8.302932551319648269e+01 1.966397992724686725e-11
8.400586510263929085e+01 2.011024067139956363e-11
8.498240469208211323e+01 2.056129546811237749e-11
8.595894428152493560e+01 2.101713984196975057e-11
8.693548387096774377e+01 2.147776937279987296e-11
8.791202346041055193e+01 2.194317969437662024e-11
8.888856304985337431e+01 2.241336649316612604e-11
8.986510263929619668e+01 2.288832550711600934e-11
9.084164222873900485e+01 2.336805252448533070e-11
9.181818181818181301e+01 2.385254338271359087e-11
9.279472140762463539e+01 2.434179396732679728e-11
9.377126099706745777e+01 2.483580021087934172e-11
9.474780058651026593e+01 2.533455809192986353e-11
9.572434017595307409e+01 2.583806363404993503e-11
9.670087976539589647e+01 2.634631290486389542e-11
9.767741935483871885e+01 2.685930201511882193e-11
9.865395894428152701e+01 2.737702711778319053e-11
9.963049853372433518e+01 2.789948440717323747e-11
1.006070381231671576e+02 2.842667011810576479e-11
1.015835777126099799e+02 2.895858052507640100e-11
1.025601173020527881e+02 2.949521194146233145e-11
1.035366568914955963e+02 3.003656071874850963e-11
1.045131964809384186e+02 3.058262324577649966e-11
1.054897360703812410e+02 3.113339594801488031e-11
1.064662756598240492e+02 3.168887528685077134e-11
1.074428152492668573e+02 3.224905775890127666e-11
1.084193548387096797e+02 3.281393989534444391e-11
1.093958944281525021e+02 3.338351826126869977e-11
1.103724340175953103e+02 3.395778945504039288e-11
1.113489736070381184e+02 3.453675010768862995e-11
1.123255131964809408e+02 3.512039688230672009e-11
1.133020527859237632e+02 3.570872647346976861e-11
1.142785923753665713e+02 3.630173560666781270e-11
1.152551319648093795e+02 3.689942103775391748e-11
1.162316715542522019e+02 3.750177955240676713e-11
1.172082111436950242e+02 3.810880796560716291e-11
1.181847507331378324e+02 3.872050312112803403e-11
1.191612903225806406e+02 3.933686189103754123e-11
1.201378299120234630e+02 3.995788117521469785e-11
1.211143695014662853e+02 4.058355790087717899e-11
1.220909090909090935e+02 4.121388902212091794e-11
1.230674486803519017e+02 4.184887151947114746e-11
1.240439882697947240e+02 4.248850239944434942e-11
1.250205278592375464e+02 4.319029939733797760e-11
1.259970674486803546e+02 4.390904801700512718e-11
1.269736070381231627e+02 4.463406976986755729e-11
1.279501466275659851e+02 4.536537052932302975e-11
1.289266862170088075e+02 4.610295612920552262e-11
1.299032258064516157e+02 4.684683236435076328e-11
1.308797653958944238e+02 4.759700499114935375e-11
1.318563049853372604e+02 4.835347972808799236e-11
1.328328445747800686e+02 4.911626225627903095e-11
1.338093841642228767e+02 4.988535821997899428e-11
1.347859237536656849e+02 5.066077322709593256e-11
1.357624633431084931e+02 5.144251284968624037e-11
1.367390029325513296e+02 5.223058262444118747e-11
1.377155425219941378e+02 5.302498805316325206e-11
1.386920821114369460e+02 5.382573460323290267e-11
1.396686217008797826e+02 5.463282770806584810e-11
1.406451612903225907e+02 5.544627276756070367e-11
1.416217008797653989e+02 5.626607514853823062e-11
1.425982404692082071e+02 5.709224018517141185e-11
1.435747800586510152e+02 5.792477317940710722e-11
1.445513196480938518e+02 5.876367940137956635e-11
1.455278592375366600e+02 5.960896408981563076e-11
1.465043988269794681e+02 6.046063245243228464e-11
1.474809384164223047e+02 6.131868966632650250e-11
1.484574780058651129e+02 6.218314087835746474e-11
1.494340175953079211e+02 6.305399120552181337e-11
1.504105571847507292e+02 6.393124573532152757e-11
1.513870967741935374e+02 6.481490952612510443e-11
1.523636363636363740e+02 6.570498760752191534e-11
1.533401759530791821e+02 6.660148498066993203e-11
1.543167155425219903e+02 6.750440661863727463e-11
1.552932551319648269e+02 6.841375746673731028e-11
1.562697947214076351e+02 6.932954244285766422e-11
1.572463343108504432e+02 7.025176643778347942e-11
1.582228739002932514e+02 7.118043431551469197e-11
1.591994134897360595e+02 7.211555091357771025e-11
1.601759530791788961e+02 7.305712104333162675e-11
1.611524926686217043e+02 7.400514949026885954e-11
1.621290322580645125e+02 7.495964101431079170e-11
1.631055718475073490e+02 7.592060035009809890e-11
1.640821114369501572e+02 7.688803220727598442e-11
1.650586510263929654e+02 7.786194127077473564e-11
1.660351906158357735e+02 7.884233220108536902e-11
1.670117302052785817e+02 7.982920963453049297e-11
1.679882697947214183e+02 8.084129366416792776e-11
1.689648093841642265e+02 8.193727953937614958e-11
1.699413489736070346e+02 8.304167931179601077e-11
1.709178885630498712e+02 8.415450866914507414e-11
1.718944281524926794e+02 8.527578323824983702e-11
1.728709677419354875e+02 8.640551858562807932e-11
1.738475073313782957e+02 8.754373021806221602e-11
1.748240469208211039e+02 8.869043358316399013e-11
1.758005865102639405e+02 8.984564406993089380e-11
1.767771260997067486e+02 9.100937700929387822e-11
1.777536656891495568e+02 9.218164767465742502e-11
1.787302052785923934e+02 9.336247128243146216e-11
1.797067448680352015e+02 9.455186299255503388e-11
1.806832844574780097e+02 9.574983790901318520e-11
1.816598240469208179e+02 9.695641108034556167e-11
1.826363636363636260e+02 9.817159750014813320e-11
1.836129032258064626e+02 9.939541210756746028e-11
1.845894428152492708e+02 1.006278697877879939e-10
1.855659824046920789e+02 1.018689853725125123e-10
1.865425219941349155e+02 1.031187736404356948e-10
1.875190615835777237e+02 1.043772493177109105e-10
1.884956011730205319e+02 1.056444270784108021e-10
1.894721407624633400e+02 1.069203215449811114e-10
1.904486803519061482e+02 1.082049472886884681e-10
1.914252199413489848e+02 1.094983188300619879e-10
1.924017595307917929e+02 1.108004506393284731e-10
1.933782991202346011e+02 1.121113571368422619e-10
1.943548387096774377e+02 1.134310526935088485e-10
1.953313782991202459e+02 1.147595516312027513e-10
1.963079178885630540e+02 1.160968682231801470e-10
1.972844574780058622e+02 1.174430166944855587e-10
1.982609970674486704e+02 1.187980112223534010e-10
1.992375366568915069e+02 1.201618659366042119e-10
2.002140762463343151e+02 1.215345949200352764e-10
2.011906158357771233e+02 1.229162122088069449e-10
2.021671554252199599e+02 1.243067317928231375e-10
2.031436950146627680e+02 1.257061676161070119e-10
2.041202346041055762e+02 1.271145335771724720e-10
2.050967741935483843e+02 1.285318435293899878e-10
2.060733137829911925e+02 1.299581112813483323e-10
2.070498533724340291e+02 1.313933505972115096e-10
2.080263929618768373e+02 1.328375751970710564e-10
2.090029325513196454e+02 1.342907987572942852e-10
2.099794721407624820e+02 1.357530349108677190e-10
2.109560117302052902e+02 1.372242972477364684e-10
2.119325513196480983e+02 1.387840297334388483e-10
2.129090909090909065e+02 1.404045749950465442e-10
2.138856304985337147e+02 1.420364970254969073e-10
2.148621700879765513e+02 1.436798232034015894e-10
2.158387096774193594e+02 1.453345808480910515e-10
2.168152492668621676e+02 1.470007972200117393e-10
2.177917888563050042e+02 1.486784995211185806e-10
2.187683284457478123e+02 1.503677148952627262e-10
2.197448680351906205e+02 1.520684704285757237e-10
2.207214076246334287e+02 1.537807931498489605e-10
2.216979472140762368e+02 1.555047100309090747e-10
2.226744868035190734e+02 1.572402479869892816e-10
2.236510263929618816e+02 1.589874338770964354e-10
2.246275659824046897e+02 1.607462945043746519e-10
2.256041055718475263e+02 1.625168566164643575e-10
2.265806451612903345e+02 1.642991469058578210e-10
2.275571847507331427e+02 1.660931920102510160e-10
2.285337243401759508e+02 1.678990185128913727e-10
2.295102639296187590e+02 1.697166529429220400e-10
2.304868035190615956e+02 1.715461217757227356e-10
2.314633431085044037e+02 1.733874514332462539e-10
2.324398826979472119e+02 1.752406682843525686e-10
2.334164222873900485e+02 1.771057986451384391e-10
2.343929618768328567e+02 1.789828687792639654e-10
2.353695014662756648e+02 1.808719048982761968e-10
2.363460410557184730e+02 1.827729331619286821e-10
2.373225806451612812e+02 1.846859796784980733e-10
2.382991202346041177e+02 1.866110705050977040e-10
2.392756598240469259e+02 1.885482316479874465e-10
2.402521994134897341e+02 1.904974890628810869e-10
2.412287390029325707e+02 1.924588686552500813e-10
2.422052785923753788e+02 1.944323962806243391e-10
2.431818181818181870e+02 1.964180977448903188e-10
2.441583577712609952e+02 1.984159988045858914e-10
2.451348973607038033e+02 2.004261251671921804e-10
2.461114369501466399e+02 2.024485024914226873e-10
2.470879765395894481e+02 2.044831563875094960e-10
2.480645161290322562e+02 2.065301124174868923e-10
2.490410557184750928e+02 2.085893960954719333e-10
2.500175953079179010e+02 2.106610328879421215e-10
2.509941348973607091e+02 2.127450482140110371e-10
2.519706744868035173e+02 2.148414674457007388e-10
2.529472140762463255e+02 2.169503159082116054e-10
2.539237536656891621e+02 2.190716188801900325e-10
2.549002932551319702e+02 2.212054015939927941e-10
2.558768328445747784e+02 2.233939838575307438e-10
2.568533724340176150e+02 2.257268474191479788e-10
2.578299120234603947e+02 2.280750812601645358e-10
2.588064516129032313e+02 2.304387278580933373e-10
2.597829912023460679e+02 2.328178296465914564e-10
2.607595307917888476e+02 2.352124290156710735e-10
2.617360703812316842e+02 2.376225683119089083e-10
2.627126099706745208e+02 2.400482898386516966e-10
2.636891495601173006e+02 2.424896358562223910e-10
2.646656891495601371e+02 2.449466485821237503e-10
2.656422287390029169e+02 2.474193701912390864e-10
2.666187683284457535e+02 2.499078428160334760e-10
2.675953079178885901e+02 2.524121085467510944e-10
2.685718475073313698e+02 2.549322094316123432e-10
2.695483870967742064e+02 2.574681874770095306e-10
2.705249266862169861e+02 2.600200846476991385e-10
2.715014662756598227e+02 2.625879428669949698e-10
2.724780058651026593e+02 2.651718040169573655e-10
2.734545454545454390e+02 2.677717099385825777e-10
2.744310850439882756e+02 2.703877024319901775e-10
2.754076246334311122e+02 2.730198232566079299e-10
2.763841642228738920e+02 2.756681141313568240e-10
2.773607038123167285e+02 2.783326167348335692e-10
2.783372434017595651e+02 2.810133727054914898e-10
2.793137829912023449e+02 2.837104236418203849e-10
2.802903225806451815e+02 2.864238111025257678e-10
2.812668621700879612e+02 2.891535766067042806e-10
2.822434017595307978e+02 2.918997616340209688e-10
2.832199413489736344e+02 2.946624076248818002e-10
2.841964809384164141e+02 2.974415559806075284e-10
2.851730205278592507e+02 3.002372480636050739e-10
2.861495601173020304e+02 3.030495251975368374e-10
2.871260997067448670e+02 3.058784286674907895e-10
2.881026392961877036e+02 3.087239997201465265e-10
2.890791788856304834e+02 3.115862795639422063e-10
2.900557184750733200e+02 3.144653093692397775e-10
2.910322580645161565e+02 3.173611302684876237e-10
2.920087976539589363e+02 3.202737833563837252e-10
2.929853372434017729e+02 3.232033096900368554e-10
2.939618768328446095e+02 3.261497502891258133e-10
2.949384164222873892e+02 3.291131461360587077e-10
2.959149560117302258e+02 3.320935381761304311e-10
2.968914956011730055e+02 3.350909673176784289e-10
2.978680351906158421e+02 3.381054744322390357e-10
2.988445747800586787e+02 3.411371003546999876e-10
2.998211143695014584e+02 3.441858858834540703e-10
3.007976539589442950e+02 3.472518717805512690e-10
3.017741935483870748e+02 3.504502052548947729e-10
3.027507331378299114e+02 3.537825644747640855e-10
3.037272727272727479e+02 3.571357257706431292e-10
3.047038123167155277e+02 3.605097514893859476e-10
3.056803519061583643e+02 3.639047039636748089e-10
3.066568914956012009e+02 3.673206455120682345e-10
3.076334310850439806e+02 3.707576384390491301e-10
3.086099706744868172e+02 3.742157450350740031e-10
3.095865102639296538e+02 3.776950275766192333e-10
3.105630498533724335e+02 3.811955483262288939e-10
3.115395894428152701e+02 3.847173695325624179e-10
3.125161290322580498e+02 3.882605534304402998e-10
3.134926686217008864e+02 3.918251622408916588e-10
3.144692082111437230e+02 3.954112581711992680e-10
3.154457478005865028e+02 3.990189034149457732e-10
3.164222873900293393e+02 4.026481601520602739e-10
3.173988269794721191e+02 4.062990905488614912e-10
3.183753665689149557e+02 4.099717567581050728e-10
3.193519061583577923e+02 4.136662209190262956e-10
3.203284457478005720e+02 4.173825451573854576e-10
3.213049853372434086e+02 4.211207915855123390e-10
3.222815249266862452e+02 4.248810223023488531e-10
3.232580645161290249e+02 4.286632993934934047e-10
3.242346041055718615e+02 4.324676849312445748e-10
3.252111436950146981e+02 4.362942409746430486e-10
3.261876832844574778e+02 4.401430295695149393e-10
3.271642228739003144e+02 4.440141127485145946e-10
3.281407624633430942e+02 4.479075525311663690e-10
3.291173020527859308e+02 4.518234109239067069e-10
3.300938416422287673e+02 4.557617499201257085e-10
3.310703812316715471e+02 4.597226315002084370e-10
3.320469208211143837e+02 4.637061176315771564e-10
3.330234604105571634e+02 4.677122702687304161e-10
3.340000000000000000e+02 4.717411513532859087e-10
3.349765395894428366e+02 4.757928228140189344e-10
3.359530791788856163e+02 4.798673465669035015e-10
3.369296187683284529e+02 4.839647845151532196e-10
3.379061583577712895e+02 4.880851985492588336e-10
3.388826979472140692e+02 4.922286505470292721e-10
3.398592375366569058e+02 4.963952023736310420e-10
3.408357771260997424e+02 5.005849158816262789e-10
3.418123167155425222e+02 5.047978529110113143e-10
3.427888563049853587e+02 5.090340752892574142e-10
3.437653958944281385e+02 5.132936448313458311e-10
3.447419354838709751e+02 5.175766233398089558e-10
3.457184750733138117e+02 5.218830726047660934e-10
3.466950146627565914e+02 5.262130544039616170e-10
3.476715542521994280e+02 5.305666305028033277e-10
3.486480938416422077e+02 5.351390325316015631e-10
3.496246334310850443e+02 5.398465443403866031e-10
3.506011730205278809e+02 5.445821634918518638e-10
3.515777126099706607e+02 5.493459788181003018e-10
3.525542521994134972e+02 5.541380791837318016e-10
3.535307917888563338e+02 5.589585534857642829e-10
3.545073313782991136e+02 5.638074906535546019e-10
3.554838709677419502e+02 5.686849796487232773e-10
3.564604105571847867e+02 5.735911094650749781e-10
3.574369501466275665e+02 5.785259691285228362e-10
3.584134897360704031e+02 5.834896476970123461e-10
3.593900293255131828e+02 5.884822342604441266e-10
3.603665689149560194e+02 5.935038179405995780e-10
3.613431085043988560e+02 5.985544878910647818e-10
3.623196480938416357e+02 6.036343332971554336e-10
3.632961876832844723e+02 6.087434433758436379e-10
3.642727272727272521e+02 6.138819073756820144e-10
3.652492668621700886e+02 6.190498145767318362e-10
3.662258064516129252e+02 6.242472542904877568e-10
3.672023460410557050e+02 6.294743158598055351e-10
3.681788856304985416e+02 6.347310886588305877e-10
3.691554252199413781e+02 6.400176620929236458e-10
3.701319648093841579e+02 6.453341255985898246e-10
3.711085043988269945e+02 6.506805686434080031e-10
3.720850439882698311e+02 6.560570807259573078e-10
3.730615835777126108e+02 6.614637513757479402e-10
3.740381231671554474e+02 6.669006701531510731e-10
3.750146627565982271e+02 6.723679266493264722e-10
3.759912023460410637e+02 6.778656104861551842e-10
3.769677419354839003e+02 6.833938113161681931e-10
3.779442815249266800e+02 6.889526188224775564e-10
3.789208211143695166e+02 6.945421227187089908e-10
3.798973607038122964e+02 7.001624127489315613e-10
3.808739002932551330e+02 7.058135786875907831e-10
3.818504398826979696e+02 7.114957103394398625e-10
3.828269794721407493e+02 7.172088975394720743e-10
3.838035190615835859e+02 7.229532301528557252e-10
3.847800586510264225e+02 7.287287980748637401e-10
3.857565982404692022e+02 7.345356912308097618e-10
3.867331378299120388e+02 7.403739995759820807e-10
3.877096774193548754e+02 7.462438130955752886e-10
3.886862170087976551e+02 7.521452218046267925e-10
3.896627565982404917e+02 7.580783157479512607e-10
3.906392961876832715e+02 7.640431850000743451e-10
3.916158357771261080e+02 7.700399196651701255e-10
3.925923753665689446e+02 7.760686098769943144e-10
3.935689149560117244e+02 7.821293457988212887e-10
3.945454545454545610e+02 7.882222176233817403e-10
3.955219941348973407e+02 7.945391960751705599e-10
3.964985337243401773e+02 8.010970817067881125e-10
3.974750733137830139e+02 8.076927625965208945e-10
3.984516129032257936e+02 8.143263629102601784e-10
3.994281524926686302e+02 8.209980069156263901e-10
4.004046920821114668e+02 8.277078189818001574e-10
4.013812316715542465e+02 8.344559235793581139e-10
4.023577712609970831e+02 8.412424452801089114e-10
4.033343108504399197e+02 8.480675087569267490e-10
4.043108504398826994e+02 8.549312387835885225e-10
4.052873900293255360e+02 8.618337602346136610e-10
4.062639296187683158e+02 8.687751980850967267e-10
4.072404692082111524e+02 8.757556774105505606e-10
4.082170087976539889e+02 8.827753233867419838e-10
4.091935483870967687e+02 8.898342612895328753e-10
4.101700879765396053e+02 8.969326164947213533e-10
4.111466275659823850e+02 9.040705144778805786e-10
4.121231671554252216e+02 9.112480808142024173e-10
4.130997067448680582e+02 9.184654411783380018e-10
4.140762463343108379e+02 9.257227213442411869e-10
4.150527859237536745e+02 9.330200471850129362e-10
4.160293255131965111e+02 9.403575446727437446e-10
4.170058651026392909e+02 9.477353398783585415e-10
4.179824046920821274e+02 9.551535589714640765e-10
4.189589442815249640e+02 9.626123282201915477e-10
4.199354838709677438e+02 9.701117739910454348e-10
4.209120234604105804e+02 9.776520227487506776e-10
4.218885630498533601e+02 9.852332010560975791e-10
4.228651026392961967e+02 9.928554355737943612e-10
4.238416422287390333e+02 1.000518853060312068e-09
4.248181818181818130e+02 1.008223580371735259e-09
4.257947214076246496e+02 1.015969744461614567e-09
4.267712609970674293e+02 1.023757472380812424e-09
4.277478005865102659e+02 1.031586891277358930e-09
4.287243401759531025e+02 1.039458128396300682e-09
4.297008797653958823e+02 1.047371311079552918e-09
4.306774193548387188e+02 1.055326566765755173e-09
4.316539589442815554e+02 1.063324022990121765e-09
4.326304985337243352e+02 1.071363807384296834e-09
4.336070381231671718e+02 1.079446047676209583e-09
4.345835777126100083e+02 1.087570871689927455e-09
4.355601173020527881e+02 1.095738407345513031e-09
4.365366568914956247e+02 1.103948782658881339e-09
4.375131964809384044e+02 1.112202125741653240e-09
4.384897360703812410e+02 1.120498564801016870e-09
4.394662756598240776e+02 1.128838228139580822e-09
4.404428152492668573e+02 1.137221244155235587e-09
4.414193548387096939e+02 1.145658427792993398e-09
4.423958944281524737e+02 1.154643966367538662e-09
4.433724340175953103e+02 1.163679933569233012e-09
4.443489736070381468e+02 1.172766500407704291e-09
4.453255131964809266e+02 1.181903838094342097e-09
4.463020527859237632e+02 1.191092118042092858e-09
4.472785923753665998e+02 1.200331511865252614e-09
4.482551319648093795e+02 1.209622191379261469e-09
4.492316715542522161e+02 1.218964328600503205e-09
4.502082111436950527e+02 1.228358095746097038e-09
4.511847507331378324e+02 1.237803665233697441e-09
4.521612903225806690e+02 1.247301209681292105e-09
4.531378299120234487e+02 1.256850901906998867e-09
4.541143695014662853e+02 1.266452914928866566e-09
4.550909090909091219e+02 1.276107421964672175e-09
4.560674486803519017e+02 1.285814596431722694e-09
4.570439882697947382e+02 1.295574611946659107e-09
4.580205278592375180e+02 1.305387642325250827e-09
4.589970674486803546e+02 1.315253861582204619e-09
4.599736070381231912e+02 1.325173443930963592e-09
4.609501466275659709e+02 1.335146563783511368e-09
4.619266862170088075e+02 1.345173395750178519e-09
4.629032258064516441e+02 1.355254114639443011e-09
4.638797653958944238e+02 1.365388895457738090e-09
4.648563049853372604e+02 1.375577913409259342e-09
4.658328445747800970e+02 1.385821343895767827e-09
4.668093841642228767e+02 1.396119362516398377e-09
4.677859237536657133e+02 1.406472145067469964e-09
4.687624633431084931e+02 1.416879867542289248e-09
4.697390029325513296e+02 1.427342706130963426e-09
4.707155425219941662e+02 1.437860837220207082e-09
4.716920821114369460e+02 1.448434437393152563e-09
4.726686217008797826e+02 1.459063683429162821e-09
4.736451612903225623e+02 1.469748752303638688e-09
4.746217008797653989e+02 1.480489821187834407e-09
4.755982404692082355e+02 1.491287067448666973e-09
4.765747800586510152e+02 1.502140668648530221e-09
4.775513196480938518e+02 1.513050802545109125e-09
4.785278592375366884e+02 1.524017647091191822e-09
4.795043988269794681e+02 1.535041380434484527e-09
4.804809384164223047e+02 1.546122180917429558e-09
4.814574780058651413e+02 1.557260227077015907e-09
4.824340175953079211e+02 1.568455697644598712e-09
4.834105571847507576e+02 1.579708771545717894e-09
4.843870967741935374e+02 1.591019627899908736e-09
4.853636363636363740e+02 1.602388446020527552e-09
4.863401759530792106e+02 1.613945395063898932e-09
4.873167155425219903e+02 1.626090418694467793e-09
4.882932551319648269e+02 1.638302246344658177e-09
4.892697947214076066e+02 1.650581110767242985e-09
4.902463343108504432e+02 1.662927245058488282e-09
4.912228739002932798e+02 1.675340882657964695e-09
4.921994134897360595e+02 1.687822257348372050e-09
4.931759530791788961e+02 1.700371603255362358e-09
4.941524926686217327e+02 1.712989154847354318e-09
4.951290322580645125e+02 1.725675146935360852e-09
4.961055718475073490e+02 1.738429814672808777e-09
4.970821114369501856e+02 1.751253393555360961e-09
4.980586510263929654e+02 1.764146119420740138e-09
4.990351906158358020e+02 1.777108228448552918e-09
5.000117302052785817e+02 1.790139957160110918e-09
5.009882697947214183e+02 1.803241542418258906e-09
5.019648093841642549e+02 1.816413221427196345e-09
5.029413489736070346e+02 1.829655231732302646e-09
5.039178885630498712e+02 1.842967811219966355e-09
5.048944281524926510e+02 1.856351198117404419e-09
5.058709677419354875e+02 1.869805630992498398e-09
5.068475073313783241e+02 1.883331348753610835e-09
5.078240469208211039e+02 1.896928590649417957e-09
5.088005865102639405e+02 1.910597596268738038e-09
5.097771260997067770e+02 1.924338605540357271e-09
5.107536656891495568e+02 1.938151858732857307e-09
5.117302052785923934e+02 1.952037596454451887e-09
5.127067448680352300e+02 1.965996059652804027e-09
5.136832844574780665e+02 1.980027489614863903e-09
5.146598240469207894e+02 1.994132127966696785e-09
5.156363636363636260e+02 2.008310216673317612e-09
5.166129032258064626e+02 2.022561998038513551e-09
5.175894428152492992e+02 2.036887714704682294e-09
5.185659824046921358e+02 2.051287609652661235e-09
5.195425219941348587e+02 2.065761926201558734e-09
5.205190615835776953e+02 2.080310908008592398e-09
5.214956011730205319e+02 2.094934799068914545e-09
5.224721407624633684e+02 2.109633843715447599e-09
5.234486803519062050e+02 2.124408286618721962e-09
5.244252199413490416e+02 2.139258372786705610e-09
5.254017595307917645e+02 2.154184347564639078e-09
5.263782991202346011e+02 2.169186456634876220e-09
5.273548387096774377e+02 2.184264946016710508e-09
5.283313782991202743e+02 2.199420062066217036e-09
5.293079178885631109e+02 2.215295544753814814e-09
5.302844574780058338e+02 2.231439871794007448e-09
5.312609970674486704e+02 2.247671825145856878e-09
5.322375366568915069e+02 2.263991718034611385e-09
5.332140762463343435e+02 2.280399864226850228e-09
5.341906158357771801e+02 2.296896578030422851e-09
5.351671554252199030e+02 2.313482174294385602e-09
5.361436950146627396e+02 2.330156968408947965e-09
5.371202346041055762e+02 2.346921276305404321e-09
5.380967741935484128e+02 2.363775414456081004e-09
5.390733137829912494e+02 2.380719699874271786e-09
5.400498533724339723e+02 2.397754450114179554e-09
5.410263929618768088e+02 2.414879983270865033e-09
5.420029325513196454e+02 2.432096617980172333e-09
5.429794721407624820e+02 2.449404673418680975e-09
5.439560117302053186e+02 2.466804469303642612e-09
5.449325513196481552e+02 2.484296325892924369e-09
5.459090909090908781e+02 2.501880563984944318e-09
5.468856304985337147e+02 2.519557504918623506e-09
5.478621700879765513e+02 2.537327470573318536e-09
5.488387096774193878e+02 2.555190783368762842e-09
5.498152492668622244e+02 2.573147766265011676e-09
5.507917888563049473e+02 2.591198742762381316e-09
5.517683284457477839e+02 2.609344036901398189e-09
5.527448680351906205e+02 2.627583973262728564e-09
5.537214076246334571e+02 2.645918876967129332e-09
5.546979472140762937e+02 2.664349073675388041e-09
5.556744868035191303e+02 2.682874889588263745e-09
5.566510263929618532e+02 2.701496651446429934e-09
5.576275659824046897e+02 2.720214686530422006e-09
5.586041055718475263e+02 2.739029322660569439e-09
5.595806451612903629e+02 2.757940888196947399e-09
5.605571847507331995e+02 2.776949712039315532e-09
5.615337243401759224e+02 2.796056123627059232e-09
5.625102639296187590e+02 2.815260452939142076e-09
5.634868035190615956e+02 2.834563030494035932e-09
5.644633431085044322e+02 2.853964187349671326e-09
5.654398826979472688e+02 2.873464255103379123e-09
5.664164222873899917e+02 2.893063565891833871e-09
5.673929618768328282e+02 2.912762452391003337e-09
5.683695014662756648e+02 2.932860943259469007e-09
5.693460410557185014e+02 2.953786215080485279e-09
5.703225806451613380e+02 2.974824539428654595e-09
5.712991202346040609e+02 2.995976331945753191e-09
5.722756598240468975e+02 3.017242009086685768e-09
5.732521994134897341e+02 3.038621988119671200e-09
5.742287390029325707e+02 3.060116687126445189e-09
5.752052785923754072e+02 3.081726525002456722e-09
5.761818181818182438e+02 3.103451921457062873e-09
5.771583577712609667e+02 3.125293297013723189e-09
5.781348973607038033e+02 3.147251073010201936e-09
5.791114369501466399e+02 3.169325671598750906e-09
5.800879765395894765e+02 3.191517515746314972e-09
5.810645161290323131e+02 3.213827029234719029e-09
5.820410557184750360e+02 3.236254636660865280e-09
5.830175953079178726e+02 3.258800763436935477e-09
5.839941348973607091e+02 3.281465835790567115e-09
5.849706744868035457e+02 3.304250280765059396e-09
5.859472140762463823e+02 3.327154526219563485e-09
5.869237536656892189e+02 3.350179000829274410e-09
5.879002932551319418e+02 3.373324134085621321e-09
5.888768328445747784e+02 3.396590356296470141e-09
5.898533724340176150e+02 3.419978098586300177e-09
5.908299120234604516e+02 3.443487792896405945e-09
5.918064516129032882e+02 3.467119871985086187e-09
5.927829912023460111e+02 3.490874769427831636e-09
5.937595307917888476e+02 3.514752919617527677e-09
5.947360703812316842e+02 3.538754757764628058e-09
5.957126099706745208e+02 3.562880719897356716e-09
5.966891495601173574e+02 3.587131242861893898e-09
5.976656891495600803e+02 3.611506764322564343e-09
5.986422287390029169e+02 3.636007722762035388e-09
5.996187683284457535e+02 3.660634557481498543e-09
6.005953079178885901e+02 3.685387708600856009e-09
6.015718475073314266e+02 3.710267617058914660e-09
6.025483870967741495e+02 3.735274724613572157e-09
6.035249266862169861e+02 3.760409473842012988e-09
6.045014662756598227e+02 3.785731868601538029e-09
6.054780058651026593e+02 3.812366601515667738e-09
6.064545454545454959e+02 3.839145348186019893e-09
6.074310850439883325e+02 3.866068653514506843e-09
6.084076246334310554e+02 3.893137063583079434e-09
6.093841642228738920e+02 3.920351125654384608e-09
6.103607038123167285e+02 3.947711388172404818e-09
6.113372434017595651e+02 3.975218400763118117e-09
6.123137829912024017e+02 4.002872714235145843e-09
6.132903225806451246e+02 4.030674880580400297e-09
6.142668621700879612e+02 4.058625452974742355e-09
6.152434017595307978e+02 4.086724985778615085e-09
6.162199413489736344e+02 4.114974034537703843e-09
6.171964809384164710e+02 4.143373155983572369e-09
6.181730205278593075e+02 4.171922908034320397e-09
6.191495601173020304e+02 4.200623849795217278e-09
6.201260997067448670e+02 4.229476541559362894e-09
6.211026392961877036e+02 4.258481544808311355e-09
6.220791788856305402e+02 4.287639422212728605e-09
6.230557184750733768e+02 4.316950737633030179e-09
6.240322580645160997e+02 4.346416056120023098e-09
6.250087976539589363e+02 4.376035943915556029e-09
6.259853372434017729e+02 4.405810968453143807e-09
6.269618768328446095e+02 4.435741698358620911e-09
6.279384164222874460e+02 4.465828703450773426e-09
6.289149560117301689e+02 4.496072554741980936e-09
6.298914956011730055e+02 4.526473824438860073e-09
6.308680351906158421e+02 4.557033085942892345e-09
6.318445747800586787e+02 4.587750913851062719e-09
6.328211143695015153e+02 4.618627883956502343e-09
6.337976539589442382e+02 4.649664573249113063e-09
6.347741935483870748e+02 4.680861559916223381e-09
6.357507331378299114e+02 4.712219423343195605e-09
6.367272727272727479e+02 4.743738744114076011e-09
6.377038123167155845e+02 4.775633906288001178e-09
6.386803519061584211e+02 4.808965653019435934e-09
6.396568914956011440e+02 4.842478581248977681e-09
6.406334310850439806e+02 4.876173396966042107e-09
6.416099706744868172e+02 4.910050807827703880e-09
6.425865102639296538e+02 4.944111523160097894e-09
6.435630498533724904e+02 4.978356253959801486e-09
6.445395894428152133e+02 5.012785712895215827e-09
6.455161290322580498e+02 5.047400614307973785e-09
6.464926686217008864e+02 5.082201674214291538e-09
6.474692082111437230e+02 5.117189610306374781e-09
6.484457478005865596e+02 5.152365141953792671e-09
6.494222873900293962e+02 5.187728990204862530e-09
6.503988269794721191e+02 5.223281877788021310e-09
6.513753665689149557e+02 5.259024529113235106e-09
6.523519061583577923e+02 5.294957670273335056e-09
6.533284457478006289e+02 5.331082029045422722e-09
6.543049853372434654e+02 5.367398334892238240e-09
6.552815249266861883e+02 5.403907318963535929e-09
6.562580645161290249e+02 5.440609714097474778e-09
6.572346041055718615e+02 5.477506254821962613e-09
6.582111436950146981e+02 5.514597677356054864e-09
6.591876832844575347e+02 5.551884719611315272e-09
6.601642228739002576e+02 5.589368121193184050e-09
6.611407624633430942e+02 5.627048623402369197e-09
6.621173020527859308e+02 5.664926969236183227e-09
6.630938416422287673e+02 5.703003903389936134e-09
6.640703812316716039e+02 5.741280172258296939e-09
6.650469208211143268e+02 5.779756523936650258e-09
6.660234604105571634e+02 5.818433708222485975e-09
6.670000000000000000e+02 5.857312476616736785e-09
6.679765395894428366e+02 5.897321335187898121e-09
6.689530791788856732e+02 5.938364016027236677e-09
6.699296187683285098e+02 5.979631839094462931e-09
6.709061583577712327e+02 6.021125708535191335e-09
6.718826979472140692e+02 6.062846530801062857e-09
6.728592375366569058e+02 6.104795214652242244e-09
6.738357771260997424e+02 6.146972671159942577e-09
6.748123167155425790e+02 6.189379813708925835e-09
6.757888563049853019e+02 6.232017558000017528e-09
6.767653958944281385e+02 6.274886822052627938e-09
6.777419354838709751e+02 6.317988526207231187e-09
6.787184750733138117e+02 6.361323593127889785e-09
6.796950146627566482e+02 6.404892947804762646e-09
6.806715542521994848e+02 6.448697517556602343e-09
6.816480938416422077e+02 6.492738232033254853e-09
6.826246334310850443e+02 6.537016023218188242e-09
6.836011730205278809e+02 6.581531825430956013e-09
6.845777126099707175e+02 6.626286575329726621e-09
6.855542521994135541e+02 6.671281211913774946e-09
6.865307917888562770e+02 6.716516676525972929e-09
6.875073313782991136e+02 6.761993912855315783e-09
6.884838709677419502e+02 6.807713866939385339e-09
6.894604105571847867e+02 6.853677487166863844e-09
6.904369501466276233e+02 6.899885724280032050e-09
6.914134897360703462e+02 6.946339531377250755e-09
6.923900293255131828e+02 6.993039863915480392e-09
6.933665689149560194e+02 7.039987679712745206e-09
6.943431085043988560e+02 7.087287121955508972e-09
6.953196480938416926e+02 7.136759502546316613e-09
6.962961876832844155e+02 7.186507061717791880e-09
6.972727272727272521e+02 7.236530940932730596e-09
6.982492668621700886e+02 7.286832284779074841e-09
6.992258064516129252e+02 7.337412240974108412e-09
7.002023460410557618e+02 7.388271960368600170e-09
7.011788856304985984e+02 7.439412596950974686e-09
7.021554252199413213e+02 7.490835307851455588e-09
7.031319648093841579e+02 7.542541253346273428e-09
7.041085043988269945e+02 7.594531596861760227e-09
7.050850439882698311e+02 7.646807504978547417e-09
7.060615835777126676e+02 7.699370147435721596e-09
7.070381231671553905e+02 7.752220697134973664e-09
7.080146627565982271e+02 7.805360330144782706e-09
7.089912023460410637e+02 7.858790225704535349e-09
7.099677419354839003e+02 7.912511566228714606e-09
7.109442815249267369e+02 7.966525537311045703e-09
7.119208211143695735e+02 8.020833327728660108e-09
7.128973607038122964e+02 8.075436129446234746e-09
7.138739002932551330e+02 8.130335137620189105e-09
7.148504398826979696e+02 8.185531550602796331e-09
7.158269794721408061e+02 8.241026569946362144e-09
7.168035190615836427e+02 8.296821400407383896e-09
7.177800586510263656e+02 8.352917249950691445e-09
7.187565982404692022e+02 8.410408511542342663e-09
7.197331378299120388e+02 8.469440160348214868e-09
7.207096774193548754e+02 8.528805261268610114e-09
7.216862170087977120e+02 8.588505242226256160e-09
7.226627565982404349e+02 8.648541535312679143e-09
7.236392961876832715e+02 8.708915576794741619e-09
7.246158357771261080e+02 8.769628807121091260e-09
7.255923753665689446e+02 8.830682670928713781e-09
7.265689149560117812e+02 8.892078617049434576e-09
7.275454545454545041e+02 8.953818098516407128e-09
7.285219941348973407e+02 9.015902572570667583e-09
7.294985337243401773e+02 9.078333500667596688e-09
7.304750733137830139e+02 9.141112348483471062e-09
7.314516129032258505e+02 9.204240585921961523e-09
7.324281524926686870e+02 9.267719687120659549e-09
7.334046920821114099e+02 9.331551130457582220e-09
7.343812316715542465e+02 9.395736398557726801e-09
7.353577712609970831e+02 9.460276978299535985e-09
7.363343108504399197e+02 9.525174360821469017e-09
7.373108504398827563e+02 9.590430041528496711e-09
7.382873900293254792e+02 9.656045520098636185e-09
7.392639296187683158e+02 9.722022300489498816e-09
7.402404692082111524e+02 9.789766161139217181e-09
7.412170087976539889e+02 9.859105102435924042e-09
7.421935483870968255e+02 9.928842893826572734e-09
7.431700879765396621e+02 9.998981300251235990e-09
7.441466275659823850e+02 1.006952209212387245e-08
7.451231671554252216e+02 1.014046704534209895e-08
7.460997067448680582e+02 1.021181794129690001e-08
7.470762463343108948e+02 1.028357656688242161e-08
7.480527859237537314e+02 1.035574471450572698e-08
7.490293255131964543e+02 1.042832418209655237e-08
7.500058651026392909e+02 1.050131677311712733e-08
7.509824046920821274e+02 1.057472429657188084e-08
7.519589442815249640e+02 1.064854856701727981e-08
7.529354838709678006e+02 1.072279140457159313e-08
7.539120234604105235e+02 1.079745463492467222e-08
7.548885630498533601e+02 1.087254008934780775e-08
7.558651026392961967e+02 1.094804960470343740e-08
7.568416422287390333e+02 1.102398502345501745e-08
7.578181818181818699e+02 1.110034819367680504e-08
7.587947214076245928e+02 1.117714096906367674e-08
7.597712609970674293e+02 1.125721688402149187e-08
7.607478005865102659e+02 1.133783581887413832e-08
7.617243401759531025e+02 1.141892757591216601e-08
7.627008797653959391e+02 1.150049431669107620e-08
7.636774193548387757e+02 1.158253820985977809e-08
7.646539589442814986e+02 1.166506143117473854e-08
7.656304985337243352e+02 1.174806616351417488e-08
7.666070381231671718e+02 1.183155459689216991e-08
7.675835777126100083e+02 1.191552892847288944e-08
7.685601173020528449e+02 1.199999136258477181e-08
7.695366568914955678e+02 1.208494411073470570e-08
7.705131964809384044e+02 1.217038939162229739e-08
7.714897360703812410e+02 1.225632943115402216e-08
7.724662756598240776e+02 1.234276646245749478e-08
7.734428152492669142e+02 1.242970272589570202e-08
7.744193548387097508e+02 1.251714046908126154e-08
7.753958944281524737e+02 1.260508194689066599e-08
7.763724340175953103e+02 1.269521273155217465e-08
7.773489736070381468e+02 1.278742717399222838e-08
7.783255131964809834e+02 1.288019440211843697e-08
7.793020527859238200e+02 1.297351702983811609e-08
7.802785923753665429e+02 1.306739768011793298e-08
7.812551319648093795e+02 1.316183898500393081e-08
7.822316715542522161e+02 1.325684358564147530e-08
7.832082111436950527e+02 1.335241413229532218e-08
7.841847507331378893e+02 1.344855328436963988e-08
7.851612903225806122e+02 1.354526371042807693e-08
7.861378299120234487e+02 1.364254808821388066e-08
7.871143695014662853e+02 1.374040910466993152e-08
7.880909090909091219e+02 1.383884945595890146e-08
7.890674486803519585e+02 1.393787184748339081e-08
7.900439882697946814e+02 1.403747899390607677e-08
7.910205278592375180e+02 1.413767361916991975e-08
7.919970674486803546e+02 1.424176580157724238e-08
7.929736070381231912e+02 1.434673816440745746e-08
7.939501466275660277e+02 1.445235362822104291e-08
7.949266862170088643e+02 1.455861533462747417e-08
7.959032258064515872e+02 1.466552643669322906e-08
7.968797653958944238e+02 1.477309009896947848e-08
7.978563049853372604e+02 1.488130949751966628e-08
7.988328445747800970e+02 1.499018781994726281e-08
7.998093841642229336e+02 1.509972826542347052e-08
8.007859237536656565e+02 1.520993404471499239e-08
8.017624633431084931e+02 1.532080838021184176e-08
8.027390029325513296e+02 1.543235450595513229e-08
8.037155425219941662e+02 1.554457566766495396e-08
8.046920821114370028e+02 1.565747512276827218e-08
8.056686217008798394e+02 1.577484990548176970e-08
8.066451612903225623e+02 1.589303208176052596e-08
8.076217008797653989e+02 1.601195506055230116e-08
8.085982404692082355e+02 1.613162258126218589e-08
8.095747800586510721e+02 1.625203839761794272e-08
8.105513196480939087e+02 1.637320627770746101e-08
8.115278592375366316e+02 1.649513000401624796e-08
8.125043988269794681e+02 1.661781337346505880e-08
8.134809384164223047e+02 1.674126019744742424e-08
8.144574780058651413e+02 1.686547430186738319e-08
8.154340175953079779e+02 1.699045952717719555e-08
8.164105571847507008e+02 1.711621972841509806e-08
8.173870967741935374e+02 1.724471840358775972e-08
8.183636363636363740e+02 1.737624549099557661e-08
8.193401759530792106e+02 1.750861709549526059e-08
8.203167155425220471e+02 1.764183762336288386e-08
8.212932551319647700e+02 1.777591149857464181e-08
8.222697947214076066e+02 1.791084316285683137e-08
8.232463343108504432e+02 1.804663707573573656e-08
8.242228739002932798e+02 1.818329771458775895e-08
8.251994134897361164e+02 1.832082957468954813e-08
8.261759530791789530e+02 1.845923716926823472e-08
8.271524926686216759e+02 1.859852502955172298e-08
8.281290322580645125e+02 1.873968876823326788e-08
8.291055718475073490e+02 1.888525403321235205e-08
8.300821114369501856e+02 1.903177666475666760e-08
8.310586510263930222e+02 1.917926182195587812e-08
8.320351906158357451e+02 1.932771468558626811e-08
8.330117302052785817e+02 1.947714045817632193e-08
8.339882697947214183e+02 1.962754436407227283e-08
8.349648093841642549e+02 1.977893164950393665e-08
8.359413489736070915e+02 1.993130758265053885e-08
8.369178885630499281e+02 2.008467745370675988e-08
8.378944281524926510e+02 2.023942973072053812e-08
8.388709677419354875e+02 2.039960606686202552e-08
8.398475073313783241e+02 2.056086148032225183e-08
8.408240469208211607e+02 2.072320197324055950e-08
8.418005865102639973e+02 2.088663357410871018e-08
8.427771260997067202e+02 2.105116233785574685e-08
8.437536656891495568e+02 2.121679434593315705e-08
8.447302052785923934e+02 2.138353570639997316e-08
8.457067448680352300e+02 2.155139255400829634e-08
8.466832844574780665e+02 2.172037105028883353e-08
8.476598240469207894e+02 2.189512122594811726e-08
8.486363636363636260e+02 2.207153121879244849e-08
8.496129032258064626e+02 2.224915721850000696e-08
8.505894428152492992e+02 2.242800619495711263e-08
8.515659824046921358e+02 2.260808514992453088e-08
8.525425219941348587e+02 2.278940111714637240e-08
8.535190615835776953e+02 2.297196116245932743e-08
8.544956011730205319e+02 2.315577238390199583e-08
8.554721407624633684e+02 2.334405285441592183e-08
8.564486803519062050e+02 2.353583737222767322e-08
8.574252199413490416e+02 2.372897625858631687e-08
8.584017595307917645e+02 2.392347751906913716e-08
8.593782991202346011e+02 2.411934919738059156e-08
8.603548387096774377e+02 2.431659937548991713e-08
8.613313782991202743e+02 2.451523617376954096e-08
8.623079178885631109e+02 2.471546479124658870e-08
8.632844574780058338e+02 2.492259892126287328e-08
8.642609970674486704e+02 2.513123186655984200e-08
8.652375366568915069e+02 2.534137276057908477e-08
8.662140762463343435e+02 2.555303078201083716e-08
8.671906158357771801e+02 2.576621515496665263e-08
8.681671554252200167e+02 2.598093514915260758e-08
8.691436950146627396e+02 2.619802395295300262e-08
8.701202346041055762e+02 2.642184329131274536e-08
8.710967741935484128e+02 2.664732052577545900e-08
8.720733137829912494e+02 2.687446605761563697e-08
8.730498533724340859e+02 2.710329034159955767e-08
8.740263929618768088e+02 2.733380388619994779e-08
8.750029325513196454e+02 2.756601725381149260e-08
8.759794721407624820e+02 2.780514714756362181e-08
8.769560117302053186e+02 2.804714850841375261e-08
8.779325513196481552e+02 2.829098326787847378e-08
8.789090909090908781e+02 2.853666325323356355e-08
8.798856304985337147e+02 2.878420035477707230e-08
8.808621700879765513e+02 2.903390715068011763e-08
8.818387096774193878e+02 2.929175291854286891e-08
8.828152492668622244e+02 2.955159939033159226e-08
8.837917888563049473e+02 2.981345985121797269e-08
8.847683284457477839e+02 3.007734765975676183e-08
8.857448680351906205e+02 3.034327624820913281e-08
8.867214076246334571e+02 3.061620954307717072e-08
8.876979472140762937e+02 3.089317262698198590e-08
8.886744868035191303e+02 3.117233254580243105e-08
8.896510263929618532e+02 3.145370428174565415e-08
8.906275659824046897e+02 3.173730290257314102e-08
8.916041055718475263e+02 3.202897047584198573e-08
8.925806451612903629e+02 3.232426835895016121e-08
8.935571847507331995e+02 3.262196143250665305e-08
8.945337243401759224e+02 3.292206647462273899e-08
8.955102639296187590e+02 3.322671406600785334e-08
8.964868035190615956e+02 3.353909699599443536e-08
8.974633431085044322e+02 3.385407191600548960e-08
8.984398826979472688e+02 3.417165747749336005e-08
8.994164222873901053e+02 3.449254435781471876e-08
9.003929618768328282e+02 3.482304711393275925e-08
9.013695014662756648e+02 3.515635328387297153e-08
9.023460410557185014e+02 3.549248357104563429e-08
9.033225806451613380e+02 3.583293574885291144e-08
9.042991202346041746e+02 3.618268796430302756e-08
9.052756598240468975e+02 3.653547095817983654e-08
9.062521994134897341e+02 3.689130768177727372e-08
9.072287390029325707e+02 3.725475148210553922e-08
9.082052785923754072e+02 3.762498556523035941e-08
9.091818181818182438e+02 3.799849517946209094e-08
9.101583577712609667e+02 3.837675334864706348e-08
9.111348973607038033e+02 3.876530190849224511e-08
9.121114369501466399e+02 3.915736180981448873e-08
9.130879765395894765e+02 3.955305238769887175e-08
9.140645161290323131e+02 3.996084820086269400e-08
9.150410557184750360e+02 4.037240624585024374e-08
9.160175953079178726e+02 4.078818677422993679e-08
9.169941348973607091e+02 4.121623679933955848e-08
9.179706744868035457e+02 4.164831618941002516e-08
9.189472140762463823e+02 4.208690463276229237e-08
9.199237536656892189e+02 4.253629524934345368e-08
9.209002932551319418e+02 4.298999986947286785e-08
9.218768328445747784e+02 4.344805526554769499e-08
9.228533724340176150e+02 4.391049848393892773e-08
9.238299120234604516e+02 4.437736684673946205e-08
9.248064516129032882e+02 4.484869795352106198e-08
9.257829912023460111e+02 4.532452968310071449e-08
9.267595307917888476e+02 4.580490019531658625e-08
9.277360703812316842e+02 4.628984793281286101e-08
9.287126099706745208e+02 4.677941162283454287e-08
9.296891495601173574e+02 4.727363027903147764e-08
9.306656891495601940e+02 4.777254320327190993e-08
9.316422287390029169e+02 4.827618998746563555e-08
9.326187683284457535e+02 4.878461051539692122e-08
9.335953079178885901e+02 4.929784496456660277e-08
9.345718475073314266e+02 4.981593380804434099e-08
9.355483870967742632e+02 5.033891781633039346e-08
9.365249266862169861e+02 5.086683805922709415e-08
9.375014662756598227e+02 5.139973590772046431e-08
9.384780058651026593e+02 5.193765303587104146e-08
9.394545454545454959e+02 5.248063142271522354e-08
9.404310850439883325e+02 5.302871335417623476e-08
9.414076246334310554e+02 5.358194142498502430e-08
9.423841642228738920e+02 5.414035854061154112e-08
9.433607038123167285e+02 5.470400791920537248e-08
9.443372434017595651e+02 5.527293309354718873e-08
9.453137829912024017e+02 5.584717791300988264e-08
9.462903225806451246e+02 5.642678654553005188e-08
9.472668621700879612e+02 5.701180347958985751e-08
9.482434017595307978e+02 5.760227352620859044e-08
9.492199413489736344e+02 5.819824182094520943e-08
9.501964809384164710e+02 5.879975382591081863e-08
9.511730205278593075e+02 5.940685533179166019e-08
9.521495601173020304e+02 6.001959245988244993e-08
9.531260997067448670e+02 6.063801166413061192e-08
9.541026392961877036e+02 6.126215973319013490e-08
9.550791788856305402e+02 6.189208379248691653e-08
9.560557184750733768e+02 6.252783130629427201e-08
9.570322580645160997e+02 6.316945007981900421e-08
9.580087976539589363e+02 6.381698826129873662e-08
9.589853372434017729e+02 6.447049434410897404e-08
9.599618768328446095e+02 6.513001716888195544e-08
9.609384164222874460e+02 6.579560592563577719e-08
9.619149560117302826e+02 6.646731015591447469e-08
9.628914956011730055e+02 6.714517975493923468e-08
9.638680351906158421e+02 6.782926497377032763e-08
9.648445747800586787e+02 6.851961642147985319e-08
9.658211143695015153e+02 6.921628506733613225e-08
9.667976539589443519e+02 6.991932224299862081e-08
9.677741935483870748e+02 7.062877964472427192e-08
9.687507331378299114e+02 7.134470933558517388e-08
9.697272727272727479e+02 7.206716374769682921e-08
9.707038123167155845e+02 7.279619568445842443e-08
9.716803519061584211e+02 7.353185832280397893e-08
9.726568914956011440e+02 7.427420521546496853e-08
9.736334310850439806e+02 7.502329029324466186e-08
9.746099706744868172e+02 7.577916786730315054e-08
9.755865102639296538e+02 7.654189263145466141e-08
9.765630498533724904e+02 7.731151966447605209e-08
9.775395894428152133e+02 7.808810443242686077e-08
9.785161290322580498e+02 7.887170279098149231e-08
9.794926686217008864e+02 7.966237098777207162e-08
9.804692082111437230e+02 8.046016566474409525e-08
9.814457478005865596e+02 8.126514386052335912e-08
9.824222873900293962e+02 8.207736301279466520e-08
9.833988269794721191e+02 8.289688096069253234e-08
9.843753665689149557e+02 8.372375594720416256e-08
9.853519061583577923e+02 8.455804662158347169e-08
9.863284457478006289e+02 8.539981204177809028e-08
9.873049853372434654e+02 8.624911167686789198e-08
9.882815249266861883e+02 8.710600540951577756e-08
9.892580645161290249e+02 8.797055353843097901e-08
9.902346041055718615e+02 8.884281678084361340e-08
9.912111436950146981e+02 8.972285627499252450e-08
9.921876832844575347e+02 9.061073358262495641e-08
9.931642228739003713e+02 9.150651069150854892e-08
9.941407624633430942e+02 9.241025001795585300e-08
9.951173020527859308e+02 9.332201440936155182e-08
9.960938416422287673e+02 9.424186714675140789e-08
9.970703812316716039e+02 9.516987194734464361e-08
9.980469208211144405e+02 9.610609296712843172e-08
9.990234604105571634e+02 9.705059480344502512e-08
1.000000000000000000e+03 9.800344249759220092e-08
