1.000000000000000000e+00 1.133882354284364595e+02
1.004620421346812842e+00 1.082799325945204174e+02
1.009262190987047614e+00 1.034017661389015217e+02
1.013925407558815106e+00 9.874336808725679759e+01
1.018610170155975769e+00 9.429483755739497042e+01
1.023316578330244919e+00 9.004671971608591718e+01
1.028044732093309266e+00 8.598998568391363051e+01
1.032794731918951658e+00 8.211601334544494080e+01
1.037566678745185822e+00 7.841656902392908535e+01
1.042360673976401531e+00 7.488378998157666899e+01
1.047176819485520216e+00 7.151016770822637625e+01
1.052015217616158571e+00 6.828853196288237370e+01
1.056875971184804142e+00 6.521203553420201615e+01
1.061759183483000024e+00 6.227413968754637352e+01
1.066664958279539333e+00 5.946860026766231755e+01
1.071593399822671211e+00 5.678945442745709471e+01
1.076544612842315507e+00 5.423100795466216084e+01
1.081518702552288325e+00 5.178782316944907649e+01
1.086515774652538235e+00 4.945470736727392591e+01
1.091535935331391594e+00 4.722670178238963246e+01
1.096579291267809841e+00 4.509907104856677051e+01
1.101645949633656585e+00 4.306729313462454911e+01
1.106736018095973551e+00 4.112704973338085068e+01
1.111849604819270754e+00 3.927421708359305086e+01
1.116986818467823106e+00 3.750485720538436851e+01
1.122147768207980345e+00 3.581520953052660872e+01
1.127332563710486735e+00 3.420168290979045622e+01
1.132541315152811867e+00 3.266084798037620374e+01
1.137774133221491235e+00 3.118942987720311066e+01
1.143031129114479238e+00 2.978430127256497073e+01
1.148312414543511073e+00 2.844247572935969970e+01
1.153618101736478163e+00 2.716110135376515800e+01
1.158948303439810923e+00 2.593745473387150824e+01
1.164303132920876616e+00 2.476893515138599966e+01
1.169682703970385207e+00 2.365305905410990306e+01
1.175087130904807653e+00 2.258745477743739727e+01
1.180516528568805068e+00 2.156985750365888421e+01
1.185971012337669661e+00 2.059810444835495602e+01
1.191450698119775886e+00 1.967013026365004791e+01
1.196955702359043361e+00 1.878396264855636844e+01
1.202486142037412220e+00 1.793771815707775730e+01
1.208042134677328461e+00 1.712959819516496296e+01
1.213623798344240834e+00 1.635788519801343810e+01
1.219231251649110614e+00 1.562093897957946709e+01
1.224864613750931364e+00 1.491719324655606727e+01
1.230524004359261570e+00 1.424515226939891477e+01
1.236209543736768612e+00 1.360338770332748659e+01
1.241921352701783610e+00 1.299053555254483960e+01
1.247659552630869584e+00 1.240529327122338188e+01
1.253424265461400067e+00 1.184641699509555401e+01
1.259215613694151026e+00 1.131271889776525086e+01
1.265033720395903449e+00 1.080306466612125327e+01
1.270878709202058587e+00 1.031637108948688031e+01
1.276750704319265628e+00 9.851603757382001447e+00
1.282649830528060475e+00 9.407774861003996847e+00
1.288576213185518071e+00 8.983941093755364093e+00
1.294529978227915601e+00 8.579201646355375743e+00
1.300511252173409016e+00 8.192696292275009284e+00
1.306520162124721107e+00 7.823603559425713172e+00
1.312556835771843344e+00 7.471138984216130652e+00
1.318621401394748593e+00 7.134553444266180655e+00
1.324713987866117160e+00 6.813131566234813974e+00
1.330834724654075041e+00 6.506190205377283320e+00
1.336983741824946392e+00 6.213076993600549436e+00
1.343161170046015984e+00 5.933168952931027640e+00
1.349367140588306757e+00 5.665871171447429688e+00
1.355601785329368481e+00 5.410615538864858465e+00
1.361865236756081732e+00 5.166859539082522268e+00
1.368157627967471646e+00 4.934085097129075059e+00
1.374479092677537428e+00 4.711797478054559285e+00
1.380829765218092531e+00 4.499524235428998153e+00
1.387209780541620585e+00 4.296814207212516834e+00
1.393619274224142446e+00 4.103236556863006257e+00
1.400058382468097440e+00 3.918379857643265129e+00
1.406527242105237052e+00 3.741851218181449390e+00
1.413025990599533932e+00 3.573275447426175422e+00
1.419554766050101113e+00 3.412294257221754279e+00
1.426113707194128777e+00 3.258565500808374704e+00
1.432702953409830782e+00 3.111762445629105311e+00
1.439322644719407185e+00 2.971573078897908449e+00
1.445972921792019861e+00 2.837699444452794317e+00
1.452653925946780777e+00 2.709857009484764045e+00
1.459365799155756704e+00 2.587774059796432713e+00
1.466108684046984356e+00 2.471191122305221199e+00
1.472882723907502633e+00 2.359860413563509951e+00
1.479688062686396410e+00 2.253545313123827665e+00
1.486524844997856754e+00 2.152019860629645898e+00
1.493393216124252243e+00 2.055068275562992763e+00
1.500293322019218278e+00 1.962484498628082275e+00
1.507225309310756378e+00 1.874071753796322293e+00
1.514189325304352129e+00 1.789642130081773530e+00
1.521185517986104463e+00 1.709016182158258568e+00
1.528214036025869804e+00 1.632022548969240372e+00
1.535275028780422657e+00 1.558497589519842297e+00
1.542368646296628176e+00 1.488285035077012708e+00
1.549495039314631839e+00 1.421235657038522948e+00
1.556654359271061550e+00 1.357206949764967474e+00
1.563846758302246842e+00 1.296062827700639852e+00
1.571072389247450296e+00 1.237673336139544222e+00
1.578331405652117381e+00 1.181914375021798858e+00
1.585623961771137402e+00 1.128667435173436484e+00
1.592950212572122437e+00 1.077819346428956715e+00
1.600310313738700696e+00 1.029262037101327243e+00
1.607704421673823436e+00 9.828923042882168337e-01
1.615132693503090522e+00 9.386115945262357707e-01
1.622595287078087534e+00 8.963257943270510619e-01
1.630092360979740640e+00 8.559450301501314584e-01
1.637624074521687900e+00 8.173834773869981252e-01
1.645190587753662559e+00 7.805591779510350214e-01
1.652792061464894768e+00 7.453938660851237019e-01
1.660428657187529966e+00 7.118128020168900116e-01
1.668100537200058797e+00 6.797446131080372433e-01
1.675807864530767688e+00 6.491211421601155163e-01
1.683550802961202297e+00 6.198773025543387050e-01
1.691329517029648066e+00 5.919509399175633124e-01
1.699144172034626310e+00 5.652827000204125873e-01
1.706994934038407408e+00 5.398159026267764782e-01
1.714881969870539757e+00 5.154964210265740032e-01
1.722805447131394052e+00 4.922725669957412342e-01
1.730765534195725097e+00 4.700949809389364242e-01
1.738762400216250725e+00 4.489165269814652803e-01
1.746796215127245366e+00 4.286921927874786098e-01
1.754867149648150937e+00 4.093789938914955129e-01
1.762975375287205715e+00 3.909358823399321503e-01
1.771121064345087870e+00 3.733236594484581339e-01
1.779304389918577867e+00 3.565048924897633031e-01
1.787525525904235080e+00 3.404438351346575908e-01
1.795784647002095724e+00 3.251063514774116259e-01
1.804081928719382777e+00 3.104598434838704568e-01
1.812417547374236992e+00 2.964731817081279197e-01
1.820791680099463017e+00 2.831166391305200980e-01
1.829204504846293267e+00 2.703618279763071452e-01
1.837656200388171124e+00 2.581816393807649934e-01
1.846146946324547677e+00 2.465501857724562151e-01
1.854676923084698670e+00 2.354427458522111438e-01
1.863246311931560317e+00 2.248357120508878426e-01
1.871855294965578675e+00 2.147065403542360029e-01
1.880504055128582319e+00 2.050337023882188303e-01
1.889192776207666347e+00 1.957966396629675365e-01
1.897921642839100809e+00 1.869757198781029084e-01
1.906690840512252461e+00 1.785521951965709786e-01
1.915500555573527608e+00 1.705081623982985517e-01
1.924350975230330940e+00 1.628265248289872402e-01
1.933242287555045236e+00 1.554909560631641818e-01
1.942174681489025723e+00 1.484858652042709559e-01
1.951148346846616866e+00 1.417963637480271766e-01
1.960163474319185362e+00 1.354082339386502298e-01
1.969220255479172232e+00 1.293078985506734280e-01
1.978318882784164234e+00 1.234823920321331953e-01
1.987459549580983031e+00 1.179193329478015473e-01
1.996642450109793909e+00 1.126068976638879560e-01
2.005867779508233806e+00 1.075337952182819634e-01
2.015135733815557550e+00 1.026892433229314311e-01
2.024446509976803643e+00 9.806294544734392438e-02
2.033800305846981349e+00 9.364506893451111924e-02
2.043197320195270894e+00 8.942622410274449207e-02
2.052637752709252084e+00 8.539744428899753714e-02
2.062121803999143577e+00 8.155016679127152779e-02
2.071649675602068807e+00 7.787621466958892513e-02
2.081221569986338338e+00 7.436777936685955159e-02
2.090837690555750417e+00 7.101740411270429654e-02
2.100498241653915077e+00 6.781796807495721335e-02
2.110203428568595552e+00 6.476267122516725372e-02
2.119953457536071006e+00 6.184501988593048977e-02
2.129748535745520144e+00 5.905881292933415350e-02
2.139588871343422127e+00 5.639812859718360688e-02
2.149474673437980154e+00 5.385731191499460585e-02
2.159406152103566345e+00 5.143096267300380220e-02
2.169383518385184395e+00 4.911392394865265326e-02
2.179406984302954875e+00 4.690127114614935783e-02
2.189476762856621406e+00 4.478830152981416041e-02
2.199593068030074594e+00 4.277052422896326228e-02
2.209756114795902171e+00 4.084365069308589641e-02
2.219966119119955117e+00 3.900358557703027806e-02
2.230223297965937768e+00 3.724641803682483820e-02
2.240527869300018793e+00 3.556841341763471165e-02
2.250880052095461270e+00 3.396600531618867991e-02
2.261280066337278516e+00 3.243578800080409996e-02
2.271728133026905461e+00 3.097450917290149250e-02
2.282224474186897556e+00 2.957906305462283322e-02
2.292769312865649223e+00 2.824648378786217759e-02
2.303362873142130951e+00 2.697393913068060409e-02
2.314005380130653045e+00 2.575872443770570522e-02
2.324697059985648018e+00 2.459825691172292522e-02
2.335438139906478749e+00 2.349007011424112529e-02
2.346228848142263068e+00 2.243180872336521595e-02
2.357069413996727647e+00 2.142122352783361675e-02
2.367960067833077442e+00 2.045616664658210862e-02
2.378901041078893552e+00 1.953458696367270375e-02
2.389892566231049731e+00 1.865452576888598779e-02
2.400934876860652434e+00 1.781411259471060715e-02
2.412028207618006626e+00 1.701156124088262431e-02
2.423172794237599348e+00 1.624516597802501058e-02
2.434368873543110823e+00 1.551329792231867163e-02
2.445616683452445983e+00 1.481440157349967444e-02
2.456916462982790872e+00 1.414699150882468143e-02
2.468268452255692136e+00 1.350964922597800745e-02
2.479672892502158721e+00 1.290102012821037897e-02
2.491130026067788883e+00 1.231981064530119491e-02
2.502640096417918514e+00 1.176478548422599073e-02
2.514203348142797445e+00 1.123476500368491074e-02
2.525820026962784404e+00 1.072862270691264837e-02
2.537490379733570389e+00 1.024528284744082376e-02
2.549214654451423367e+00 9.783718142724320485e-03
2.560993100258458721e+00 9.342947590771789879e-03
2.572825967447933238e+00 8.922034385140416649e-03
2.584713507469563520e+00 8.520083923862853750e-03
2.596655972934871048e+00 8.136241908075082796e-03
2.608653617622548104e+00 7.769692526303656824e-03
2.620706696483851683e+00 7.419656720553568369e-03
2.632815465648020936e+00 7.085390530511226533e-03
2.644980182427719484e+00 6.766183512343496020e-03
2.657201105324505264e+00 6.461357228732144374e-03
2.669478494034321248e+00 6.170263806934352287e-03
2.681812609453015028e+00 5.892284561804772211e-03
2.694203713681883272e+00 5.626828680852253434e-03
2.706652070033241486e+00 5.373331968536816140e-03
2.719157943036017322e+00 5.131255647137756941e-03
2.731721598441376742e+00 4.900085211644332472e-03
2.744343303228364839e+00 4.679329336235454710e-03
2.757023325609583519e+00 4.468518830023774854e-03
2.769761935036890943e+00 4.267205639845200738e-03
2.782559402207124499e+00 4.074961897974107607e-03
2.795415999067856649e+00 3.891379012740315679e-03
2.808331998823172082e+00 3.716066800115142617e-03
2.821307675939471959e+00 3.548652654420727907e-03
2.834343306151309250e+00 3.388780756400037314e-03
2.847439166467246263e+00 3.236111316964554278e-03
2.860595535175742388e+00 3.090319855012127297e-03
2.873812691851065804e+00 2.951096507780226995e-03
2.887090917359235842e+00 2.818145372268751614e-03
2.900430493863991543e+00 2.691183876332662022e-03
2.913831704832787306e+00 2.569942178107846153e-03
2.927294835042816512e+00 2.454162592493656751e-03
2.940820170587063132e+00 2.343599043473277958e-03
2.954407998880380859e+00 2.238016541107825438e-03
2.968058608665602449e+00 2.137190682092603936e-03
2.981772290019672145e+00 2.040907172814055391e-03
2.995549334359813631e+00 1.948961373893623884e-03
3.009390034449720197e+00 1.861157865250640886e-03
3.023294684405777311e+00 1.777310030759684774e-03
3.037263579703311400e+00 1.697239661619782090e-03
3.051297017182869720e+00 1.620776577592346985e-03
3.065395295056527303e+00 1.547758265302930872e-03
3.079558712914225893e+00 1.478029532837965435e-03
3.093787571730137742e+00 1.411442179902458764e-03
3.108082173869064047e+00 1.347854682837518192e-03
3.122442823092856923e+00 1.287131893828322941e-03
3.136869824566877352e+00 1.229144753663180198e-03
3.151363484866478437e+00 1.173770017433219993e-03
3.165924111983522415e+00 1.120889992589687006e-03
3.180552015332919868e+00 1.070392288802175188e-03
3.195247505759212014e+00 1.022169579086043729e-03
3.210010895543172538e+00 9.761193716914366453e-04
3.224842498408441394e+00 9.321437922690142515e-04
3.239742629528197249e+00 8.901493758494161699e-04
3.254711605531848129e+00 8.500468681943787203e-04
3.269749744511766476e+00 8.117510360972359732e-04
3.284857366030044634e+00 7.751804862296796626e-04
3.300034791125284528e+00 7.402574921497291974e-04
3.315282342319425091e+00 7.069078291032237929e-04
3.330600343624588788e+00 6.750606162677752053e-04
3.345989120549972995e+00 6.446481661038247577e-04
3.361449000108765794e+00 6.156058404926690328e-04
3.376980310825090648e+00 5.878719133556807022e-04
3.392583382740993692e+00 5.613874394627097093e-04
3.408258547423451912e+00 5.360961291508732759e-04
3.424006137971423946e+00 5.119442286874326684e-04
3.439826489022925315e+00 4.888804060225013411e-04
3.455719936762138733e+00 4.668556416887538517e-04
3.471686818926561280e+00 4.458231246162617308e-04
3.487727474814177775e+00 4.257381526410176052e-04
3.503842245290674118e+00 4.065580374956961700e-04
3.520031472796679939e+00 3.882420140807147442e-04
3.536295501355041893e+00 3.707511538227701697e-04
3.552634676578141359e+00 3.540482819366839421e-04
3.569049345675229468e+00 3.380978984147388019e-04
3.585539857459815849e+00 3.228661025755388781e-04
3.602106562357071162e+00 3.083205210120705661e-04
3.618749812411279354e+00 2.944302387857951038e-04
3.635469961293319674e+00 2.811657337205466091e-04
3.652267364308175335e+00 2.684988136565934257e-04
3.669142378402493243e+00 2.564025565314811939e-04
3.686095362172158829e+00 2.448512531603331687e-04
3.703126675869925943e+00 2.338203525939673501e-04
3.720236681413067625e+00 2.232864099387180112e-04
3.737425742391064176e+00 2.132270365270490416e-04
3.754694224073336084e+00 2.036208523330448059e-04
3.772042493416998266e+00 1.944474405316615954e-04
3.789470919074666710e+00 1.856873041051406727e-04
3.806979871402285998e+00 1.773218244043721391e-04
3.824569722466999000e+00 1.693332215771267365e-04
3.842240846055060111e+00 1.617045167790478403e-04
3.859993617679768008e+00 1.544194960871019668e-04
3.877828414589456152e+00 1.474626760387692684e-04
3.895745615775503268e+00 1.408192707237519909e-04
3.913745601980383793e+00 1.344751603582449145e-04
3.931828755705769396e+00 1.284168612749778625e-04
3.949995461220643822e+00 1.226314972652561245e-04
3.968246104569480792e+00 1.171067722120751813e-04
3.986581073580441004e+00 1.118309439561597165e-04
4.005000757873610873e+00 1.067927993393730159e-04
4.023505548869292348e+00 1.019816303724524367e-04
4.042095839796306933e+00 9.738721147643081668e-05
4.060772025700365440e+00 9.299977774935596123e-05
4.079534503452451055e+00 8.881000421213191664e-05
4.098383671757261482e+00 8.480898598936189876e-05
4.117319931161677715e+00 8.098821938307295114e-05
4.136343684063274573e+00 7.733958379909755109e-05
4.155455334718875626e+00 7.385532448769684761e-05
4.174655289253136559e+00 7.052803606174385493e-05
4.193943955667186252e+00 6.735064675743531089e-05
4.213321743847288303e+00 6.431640340408285568e-05
4.232789065573549614e+00 6.141885707103575214e-05
4.252346334528682270e+00 5.865184936122894410e-05
4.271993966306778745e+00 5.600949932222987665e-05
4.291732378422157268e+00 5.348619094695731792e-05
4.311561990318227622e+00 5.107656123751385058e-05
4.331483223376399572e+00 4.877548880675940509e-05
4.351496500925049915e+00 4.657808299339814454e-05
4.371602248248504630e+00 4.447967346744945003e-05
4.391800892596085859e+00 4.247580030400449966e-05
4.412092863191189096e+00 4.056220450417616212e-05
4.432478591240396781e+00 3.873481894309360171e-05
4.452958509942654963e+00 3.698975972570134308e-05
4.473533054498465056e+00 3.532331793199408653e-05
4.494202662119142211e+00 3.373195173413832341e-05
4.514967772036100335e+00 3.221227886873098678e-05
4.535828825510187734e+00 3.076106944819205567e-05
4.556786265841063610e+00 2.937523909601532445e-05
4.577840538376618973e+00 2.805184239128537198e-05
4.598992090522438403e+00 2.678806660852876985e-05
4.620241371751311554e+00 2.558122573959359418e-05
4.641588833612778409e+00 2.442875478485259720e-05
4.663034929742731372e+00 2.332820430159484492e-05
4.684580115873047568e+00 2.227723519802136124e-05
4.706224849841281532e+00 2.127361376177733417e-05
4.727969591600389876e+00 2.031520691245730588e-05
4.749814803228501248e+00 1.939997766799134889e-05
4.771760948938745805e+00 1.852598081527681516e-05
4.793808495089109556e+00 1.769135877585475259e-05
4.815957910192351754e+00 1.689433765784326269e-05
4.838209664925956055e+00 1.613322348573706724e-05
4.860564232142134955e+00 1.540639860006010503e-05
4.883022086877879531e+00 1.471231821921848862e-05
4.905583706365048258e+00 1.404950715624764197e-05
4.928249570040514449e+00 1.341655668347412510e-05
4.951020159556350109e+00 1.281212153842911505e-05
4.973895958790063965e+00 1.223491706464984243e-05
4.996877453854883910e+00 1.168371648129192017e-05
5.019965133110082078e+00 1.115734827574979418e-05
5.043159487171360311e+00 1.065469371374302174e-05
5.066461008921267606e+00 1.017468446157707130e-05
5.089870193519680619e+00 9.716300315524494682e-06
5.113387538414325917e+00 9.278567033500718166e-06
5.137013543351341305e+00 8.860554264426225739e-06
5.160748710385909099e+00 8.461373570873558257e-06
5.184593543892911605e+00 8.080176540797243687e-06
5.208548550577661196e+00 7.716152984332726866e-06
5.232614239486661489e+00 7.368529211832329331e-06
5.256791122018421802e+00 7.036566389478048925e-06
5.281079711934332011e+00 6.719558968976331919e-06
5.305480525369572931e+00 6.416833187997474807e-06
5.329994080844088877e+00 6.127745638172255546e-06
5.354620899273607293e+00 5.851681897602365891e-06
5.379361503980700121e+00 5.588055224978446838e-06
5.404216420705916235e+00 5.336305312529612272e-06
5.429186177618941400e+00 5.095897095154711350e-06
5.454271305329833730e+00 4.866319613203743817e-06
5.479472336900286678e+00 4.647084926492726372e-06
5.504789807854970185e+00 4.437727077243597946e-06
5.530224256192902033e+00 4.237801099745362066e-06
5.555776222398876030e+00 4.046882074631304817e-06
5.581446249454963926e+00 3.864564225762303769e-06
5.607234882852032420e+00 3.690460057797096035e-06
5.633142670601354318e+00 3.524199532615925158e-06
5.659170163246243668e+00 3.365429282847726373e-06
5.685317913873752182e+00 3.213811860828973650e-06
5.711586478126432276e+00 3.069025021397932046e-06
5.737976414214133847e+00 2.930761037000184200e-06
5.764488282925876561e+00 2.798726043649509643e-06
5.791122647641759436e+00 2.672639416354273947e-06
5.817880074344933483e+00 2.552233172681715776e-06
5.844761131633634754e+00 2.437251403192469970e-06
5.871766390733255570e+00 2.327449727534931814e-06
5.898896425508496577e+00 2.222594775043258299e-06
5.926151812475554337e+00 2.122463688735222480e-06
5.953533130814368413e+00 2.026843651655693570e-06
5.981040962380941295e+00 1.935531434558949665e-06
6.008675891719686746e+00 1.848332963968667073e-06
6.036438506075866961e+00 1.765062909697290726e-06
6.064329395408063483e+00 1.685544290948367034e-06
6.092349152400710288e+00 1.609608100164478937e-06
6.120498372476699700e+00 1.537092943821349416e-06
6.148777653810022947e+00 1.467844699404756592e-06
6.177187597338491543e+00 1.401716187841048467e-06
6.205728806776502182e+00 1.338566860685200996e-06
6.234401888627862043e+00 1.278262501401475967e-06
6.263207452198689573e+00 1.220674940101792354e-06
6.292146109610343707e+00 1.165681781135601288e-06
6.321218475812451665e+00 1.113166142952154384e-06
6.350425168595963399e+00 1.063016409682420507e-06
6.379766808606280648e+00 1.015125993912549445e-06
6.409244019356453492e+00 9.693931101447424515e-07
6.438857427240419540e+00 9.257205584640493489e-07
6.468607661546325716e+00 8.840155179512626686e-07
6.498495354469890017e+00 8.441893494028847744e-07
6.528521141127845873e+00 8.061574069388182587e-07
6.558685659571431792e+00 7.698388580974158332e-07
6.588989550799949413e+00 7.351565120355135237e-07
6.619433458774392598e+00 7.020366554682669126e-07
6.650018030431120053e+00 6.704088960001797278e-07
6.680743915695613211e+00 6.402060125142508805e-07
6.711611767496282965e+00 6.113638123013312305e-07
6.742622241778342129e+00 5.838209946260036720e-07
6.773775997517749836e+00 5.575190204390077772e-07
6.805073696735208344e+00 5.324019879593193249e-07
6.836516004510237110e+00 5.084165138614218659e-07
6.868103588995303710e+00 4.855116198152735075e-07
6.899837121430018705e+00 4.636386241378092687e-07
6.931717276155406005e+00 4.427510383256908096e-07
6.963744730628223856e+00 4.228044682494174894e-07
6.995920165435372873e+00 4.037565197987693631e-07
7.028244264308349365e+00 3.855667087790722120e-07
7.060717714137773271e+00 3.681963748667605601e-07
7.093341204987995141e+00 3.516085994413582797e-07
7.126115430111747528e+00 3.357681271192620042e-07
7.159041085964886086e+00 3.206412908225242198e-07
7.192118872221189285e+00 3.061959402234047464e-07
7.225349491787214085e+00 2.924013734126004973e-07
7.258733650817251082e+00 2.792282716459076418e-07
7.292272058728314299e+00 2.666486370306526411e-07
7.325965428215230446e+00 2.546357330194311894e-07
7.359814475265767264e+00 2.431640275846963728e-07
7.393819919175865785e+00 2.322091389534036981e-07
7.427982482564916111e+00 2.217477837863984528e-07
7.462302891391109583e+00 2.117577276923905904e-07
7.496781874966877091e+00 2.022177379713457692e-07
7.531420165974371805e+00 1.931075384868585001e-07
7.566218500481054932e+00 1.844077665715831706e-07
7.601177617955328536e+00 1.760999318741439405e-07
7.636298261282243871e+00 1.681663770600482729e-07
7.671581176779302069e+00 1.605902402830770687e-07
7.707027114212299246e+00 1.533554193473986489e-07
7.742636826811269302e+00 1.464465374842260272e-07
7.778411071286488010e+00 1.398489106702869644e-07
7.814350607844543717e+00 1.335485164186456552e-07
7.850456200204509294e+00 1.275319639755376440e-07
7.886728615614152282e+00 1.217864658598863501e-07
7.923168624866253396e+00 1.162998106850002311e-07
7.959777002314983640e+00 1.110603372046931695e-07
7.996554525892348053e+00 1.060569095286671392e-07
8.033501977124734239e+00 1.012788934544721385e-07
8.070620141149502658e+00 9.671613386575046625e-08
8.107909806731687041e+00 9.235893314871797700e-08
8.145371766280742776e+00 8.819803058101883194e-08
8.183006815867392092e+00 8.422458264913715295e-08
8.220815755240540312e+00 8.043014425254073494e-08
8.258799387844268480e+00 7.680665075460331750e-08
8.296958520834905926e+00 7.334640084216033290e-08
8.335293965098193425e+00 7.004204015726347115e-08
8.373806535266492546e+00 6.688654566635188527e-08
8.412497049736117560e+00 6.387321073361175455e-08
8.451366330684717099e+00 6.099563086680319278e-08
8.490415204088746393e+00 5.824769010525891192e-08
8.529644499741023012e+00 5.562354802112223280e-08
8.569055051268350098e+00 5.311762730619853572e-08
8.608647696149244410e+00 5.072460191803641162e-08
8.648423275731722981e+00 4.843938576004524584e-08
8.688382635251185704e+00 4.625712187158960111e-08
8.728526623848377852e+00 4.417317210508518032e-08
8.768856094587428984e+00 4.218310726815704446e-08
8.809371904473991322e+00 4.028269770990687291e-08
8.850074914473434973e+00 3.846790433128366473e-08
8.890965989529160396e+00 3.673487000044844039e-08
8.932045998580965929e+00 3.507991135489077269e-08
8.973315814583521899e+00 3.349951097287050267e-08
9.014776314524917566e+00 3.199030989754794726e-08
9.056428379445289778e+00 3.054910049791292908e-08
9.098272894455559978e+00 2.917281965133807266e-08
9.140310748756229842e+00 2.785854223326938076e-08
9.182542835656283486e+00 2.660347490021445905e-08
9.224970052592174952e+00 2.540495015281631639e-08
9.267593301146877849e+00 2.426042066639509638e-08
9.310413487069077121e+00 2.316745387690518912e-08
9.353431520292383894e+00 2.212372681080488037e-08
9.396648314954692438e+00 2.112702114784619422e-08
9.440064789417602853e+00 2.017521850629380106e-08
9.483681866285921913e+00 1.926629594055181348e-08
9.527500472427291811e+00 1.839832164162816573e-08
9.571521538991863309e+00 1.756945083130018496e-08
9.615746001432098566e+00 1.677792184125323222e-08
9.660174799522645017e+00 1.602205236885995498e-08
9.704808877380301624e+00 1.530023590164231626e-08
9.749649183484088155e+00 1.461093830281626655e-08
9.794696670695392626e+00 1.395269455066304681e-08
9.839952296278230648e+00 1.332410562479602064e-08
9.885417021919574054e+00 1.272383553270607704e-08
9.931091813749794994e+00 1.215060847026517145e-08
9.976977642363204168e+00 1.160320611015316648e-08
1.002307548283865479e+01 1.108046501244537895e-08
1.006938631476027624e+01 1.058127415185647731e-08
1.011591112223829825e+01 1.010457255638553362e-08
1.016265089392994625e+01 9.649347052343991492e-09
1.020960662306046451e+01 9.214630110972788728e-09
1.025677930744421928e+01 8.799497792072891392e-09
1.030416994950588006e+01 8.403067780278125887e-09
1.035177955630176250e+01 8.024497509796464789e-09
1.039960913954119803e+01 7.662982373634775905e-09
1.044765971560804196e+01 7.317754013500438682e-09
1.049593230558227752e+01 6.988078686745217048e-09
1.054442793526168920e+01 6.673255706880989653e-09
1.059314763518369951e+01 6.372615954351979404e-09
1.064209244064724125e+01 6.085520454399341094e-09
1.069126339173476126e+01 5.811359018994690858e-09
1.074066153333433427e+01 5.549548949956509539e-09
1.079028791516184071e+01 5.299533800493232674e-09
1.084014359178330977e+01 5.060782192540235273e-09
1.089022962263729966e+01 4.832786687377792125e-09
1.094054707205742361e+01 4.615062707129202952e-09
1.099109700929497180e+01 4.407147504846963291e-09
1.104188050854160785e+01 4.208599180998108999e-09
1.109289864895222699e+01 4.018995744258173514e-09
1.114415251466787637e+01 3.837934214617845515e-09
1.119564319483878201e+01 3.665029766895946143e-09
1.124737178364751955e+01 3.499914912838275386e-09
1.129933938033222240e+01 3.342238720064289217e-09
1.135154708920999056e+01 3.191666066201063508e-09
1.140399601970032428e+01 3.049515099225618451e-09
1.145668728634871414e+01 2.917586630395730375e-09
1.150962200885032338e+01 2.794903085663305718e-09
1.156280131207375916e+01 2.680366490194162655e-09
1.161622632608501782e+01 2.573303651763377138e-09
1.166989818617146923e+01 2.473097692270566029e-09
1.172381803286598512e+01 2.379182162968075985e-09
1.177798701197119335e+01 2.291035754685138448e-09
1.183240627458378569e+01 2.208177535408973810e-09
1.188707697711903322e+01 2.130162656240349007e-09
1.194200028133531966e+01 2.056578474510903691e-09
1.199717735435884336e+01 1.987041049897031854e-09
1.205260936870842592e+01 1.921191975844363914e-09
1.210829750232040070e+01 1.858715719818458184e-09
1.216424293857367900e+01 1.799927049480757738e-09
1.222044686631488020e+01 1.743970892711193812e-09
1.227691047988359152e+01 1.690566298906214469e-09
1.233363497913775930e+01 1.640165791026515626e-09
1.239062156947916193e+01 1.592051923105713272e-09
1.244787146187906224e+01 1.546027500989708900e-09
1.250538587290390780e+01 1.502531182162535152e-09
1.256316602474120891e+01 1.460558676190058710e-09
1.262121314522547344e+01 1.420979739919380566e-09
1.267952846786434584e+01 1.382707175651906628e-09
1.273811323186478539e+01 1.346491259013462627e-09
1.279696868215940952e+01 1.311419736368248513e-09
1.285609606943295802e+01 1.278260833090116259e-09
1.291549665014884063e+01 1.245942631792753786e-09
1.297517168657587483e+01 1.215570795956086885e-09
1.303512244681508925e+01 1.185939321985648934e-09
1.309535020482667100e+01 1.157778561365530128e-09
1.315585624045704449e+01 1.130608275110109687e-09
1.321664183946605142e+01 1.104306210467434756e-09
1.327770829355429782e+01 1.079395531388372156e-09
1.333905690039058634e+01 1.055046781533557823e-09
1.340068896363949946e+01 1.031801904484948962e-09
1.346260579298910365e+01 1.009466407291188596e-09
1.352480870417875458e+01 9.876144083665499672e-10
1.358729901902709791e+01 9.668998128923846865e-10
1.365007806546013747e+01 9.468506182628449893e-10
1.371314717753944912e+01 9.272171546117722633e-10
1.377650769549054210e+01 9.085741509989861044e-10
1.384016096573131627e+01 8.905633384481474047e-10
1.390410834090070402e+01 8.729095571515932644e-10
1.396835117988739761e+01 8.559357093905078483e-10
1.403289084785872376e+01 8.397500260630986528e-10
1.409772871628966939e+01 8.238704128550911593e-10
1.416286616299198720e+01 8.082910820023216365e-10
1.422830457214352684e+01 7.936653774663386555e-10
1.429404533431761060e+01 7.793826985198629505e-10
1.436008984651259901e+01 7.653570484468644051e-10
1.442643951218158094e+01 7.516559466662929927e-10
1.449309574126216660e+01 7.388169797553384080e-10
1.456005995020649380e+01 7.261973140713236717e-10
1.462733356201129808e+01 7.137932037499230730e-10
1.469491800624816413e+01 7.016177465890395864e-10
1.476281471909390319e+01 6.902760108233650647e-10
1.483102514336104427e+01 6.791176155886342894e-10
1.489955072852854379e+01 6.681395971629803001e-10
1.496839293077255562e+01 6.573390397334593393e-10
1.503755321299737702e+01 6.470970026238569633e-10
1.510703304486654908e+01 6.372297571592895645e-10
1.517683390283405309e+01 6.275129721862159557e-10
1.524695727017573788e+01 6.179443534108944339e-10
1.531740463702079857e+01 6.085216415240765039e-10
1.538817750038345622e+01 5.997531692632021862e-10
1.545927736419477760e+01 5.911581160510081719e-10
1.553070573933459997e+01 5.826862384108778706e-10
1.560246414366368839e+01 5.743357711156291212e-10
1.567455410205595001e+01 5.661049742355240962e-10
1.574697714643085966e+01 5.584253115802199908e-10
1.581973481578600627e+01 5.509353572594372774e-10
1.589282865622977958e+01 5.435458629546389106e-10
1.596626022101425946e+01 5.362554812323993273e-10
1.604003107056820099e+01 5.290628827319230387e-10
1.611414277253019023e+01 5.221462650476081833e-10
1.618859690178198463e+01 5.156228682071961291e-10
1.626339504048192097e+01 5.091809709564331383e-10
1.633853877809861288e+01 5.028195550860507818e-10
1.641402971144466605e+01 4.965376151077075478e-10
1.648986944471064930e+01 4.903341580950565306e-10
1.656605958949914381e+01 4.844326857836258505e-10
1.664260176485903742e+01 4.788261690807613084e-10
1.671949759731989360e+01 4.732845386468501874e-10
1.679674872092653004e+01 4.678070435293631676e-10
1.687435677727375705e+01 4.623929414668180898e-10
1.695232341554120481e+01 4.570414987881994464e-10
1.703065029252844198e+01 4.518336935227857577e-10
1.710933907269014398e+01 4.470205593483011384e-10
1.718839142817145671e+01 4.422586968273337474e-10
1.726780903884355922e+01 4.375475597913448707e-10
1.734759359233931519e+01 4.328866078898291041e-10
1.742774678408919087e+01 4.282753065283334513e-10
1.750827031735724404e+01 4.237131268071447323e-10
1.758916590327732621e+01 4.193691627814171968e-10
1.767043526088946592e+01 4.152884203517074387e-10
1.775208011717635159e+01 4.112473862750565578e-10
1.783410220710008076e+01 4.072456741626319153e-10
1.791650327363900530e+01 4.032829013854229096e-10
1.799928506782476489e+01 3.993586890376552426e-10
1.808244934877951593e+01 3.954726619005605126e-10
1.816599788375327762e+01 3.916953741043110235e-10
1.824993244816152327e+01 3.882453085399449198e-10
1.833425482562289943e+01 3.848256312650130250e-10
1.841896680799710850e+01 3.814360746184764028e-10
1.850407019542302223e+01 3.780763732968621921e-10
1.858956679635687337e+01 3.747462643335008571e-10
1.867545842761076003e+01 3.714454870779399363e-10
1.876174691439120323e+01 3.681737831755457685e-10
1.884843409033795325e+01 3.650841775541912826e-10
1.893552179756295217e+01 3.622056580427966154e-10
1.902301188668944931e+01 3.593498343234602411e-10
1.911090621689137947e+01 3.565165274503819998e-10
1.919920665593283715e+01 3.537055598886663832e-10
1.928791508020777812e+01 3.509167555031979896e-10
1.937703337477988796e+01 3.481499395476056935e-10
1.946656343342262119e+01 3.454049386533124806e-10
1.955650715865949252e+01 3.427392777941826847e-10
1.964686646180445706e+01 3.403537507059204578e-10
1.973764326300255334e+01 3.379848273157388014e-10
1.982883949127071332e+01 3.356323920589091082e-10
1.992045708453870390e+01 3.332963301750545946e-10
2.001249798969037030e+01 3.309765277025512183e-10
2.010496416260497909e+01 3.286728714729680939e-10
2.019785756819878486e+01 3.263852491055470966e-10
2.029118018046678174e+01 3.241135490017202055e-10
2.038493398252463251e+01 3.219659398026481310e-10
2.047912096665085357e+01 3.200228874506152882e-10
2.057374313432912771e+01 3.180915613465359438e-10
2.066880249629081945e+01 3.161718907229444276e-10
2.076430107255774615e+01 3.142638052394533827e-10
2.086024089248503799e+01 3.123672349801780800e-10
2.095662399480432825e+01 3.104821104511726242e-10
2.105345242766705027e+01 3.086083625778849250e-10
2.115072824868794754e+01 3.067459227026250084e-10
2.124845352498882889e+01 3.048947225820494560e-10
2.134663033324244452e+01 3.033284164903213807e-10
2.144526075971667467e+01 3.017787471669719362e-10
2.154434690031883193e+01 3.002369949225415076e-10
2.164389086064020162e+01 2.987031193096018746e-10
2.174389475600079891e+01 2.971770800873660111e-10
2.184436071149427150e+01 2.956588372206326544e-10
2.194529086203313639e+01 2.941483508787352687e-10
2.204668735239408761e+01 2.926455814344977298e-10
2.214855233726359174e+01 2.911504894631944555e-10
2.225088798128369305e+01 2.896630357415161198e-10
2.235369645909795366e+01 2.884470780852003815e-10
2.245697995539773828e+01 2.872408096272057994e-10
2.256074066496860198e+01 2.860395857118788097e-10
2.266498079273694088e+01 2.848433852432430101e-10
2.276970255381679920e+01 2.836521872135446884e-10
2.287490817355702788e+01 2.824659707028826585e-10
2.298059988758851091e+01 2.812847148788417165e-10
2.308677994187168636e+01 2.801083989961267164e-10
2.319345059274428777e+01 2.789370023961977318e-10
2.330061410696924540e+01 2.777705045069082680e-10
2.340827276178293204e+01 2.767066040669528238e-10
2.351642884494348706e+01 2.758061636513645530e-10
2.362508465477946373e+01 2.749086533897015903e-10
2.373424250023867543e+01 2.740140637468496317e-10
2.384390470093720538e+01 2.731223852187234172e-10
2.395407358720878221e+01 2.722336083321649879e-10
2.406475150015424092e+01 2.713477236448433380e-10
2.417594079169129628e+01 2.704647217451540683e-10
2.428764382460451543e+01 2.695845932521194515e-10
2.439986297259550341e+01 2.687073288152888612e-10
2.451260062033338727e+01 2.678329191146389409e-10
2.462585916350546711e+01 2.669957015784162558e-10
2.473964100886813000e+01 2.663748127902932096e-10
2.485394857429799842e+01 2.657553678564529215e-10
2.496878428884326695e+01 2.651373634192649054e-10
2.508415059277539783e+01 2.645207961289065879e-10
2.520004993764092305e+01 2.639056626433452141e-10
2.531648478631354138e+01 2.632919596283201146e-10
2.543345761304649599e+01 2.626796837573237840e-10
2.555097090352506939e+01 2.620688317115850267e-10
2.566902715491950460e+01 2.614594001800498808e-10
2.578762887593800812e+01 2.608513858593643499e-10
2.590677858688007618e+01 2.602447854538560503e-10
2.602647881969005894e+01 2.596983466552257968e-10
2.614673211801092023e+01 2.593358265121890080e-10
2.626754103723837019e+01 2.589738124210997510e-10
2.638890814457510459e+01 2.586123036755460930e-10
2.651083601908537446e+01 2.582512995701021519e-10
2.663332725174982230e+01 2.578907994003267526e-10
2.675638444552045314e+01 2.575308024627620828e-10
2.688001021537606050e+01 2.571713080549323483e-10
2.700420718837772682e+01 2.568123154753422745e-10
2.712897800372465795e+01 2.564538240234758650e-10
2.725432531281029114e+01 2.560958329997949543e-10
2.738025177927857712e+01 2.557383417057380707e-10
2.750676007908066012e+01 2.553813494437185744e-10
2.763385290053169996e+01 2.551876916165755347e-10
2.776153294436799612e+01 2.550688951242242457e-10
2.788980292380441028e+01 2.549501539347228941e-10
2.801866556459195223e+01 2.548314680223264138e-10
2.814812360507579925e+01 2.547128373613019915e-10
2.827817979625341138e+01 2.545942619259286528e-10
2.840883690183302690e+01 2.544757416904973657e-10
2.854009769829238863e+01 2.543572766293111443e-10
2.867196497493769769e+01 2.542388667166850480e-10
2.880444153396296514e+01 2.541205119269458724e-10
2.893753019050950215e+01 2.540022122344326136e-10
2.907123377272576903e+01 2.538839676134958484e-10
2.920555512182746583e+01 2.537657780384986130e-10
2.934049709215787161e+01 2.537590801439056936e-10
2.947606255124857100e+01 2.538772665994070395e-10
2.961225437988034415e+01 2.539955080993949208e-10
2.974907547214440484e+01 2.541138046695058359e-10
2.988652873550384115e+01 2.542321563353884326e-10
3.002461709085549302e+01 2.543505631227029909e-10
3.016334347259195781e+01 2.544690250571220434e-10
3.030271082866396171e+01 2.545875421643299100e-10
3.044272212064302607e+01 2.547061144700229047e-10
3.058338032378433269e+01 2.548247419999093874e-10
3.072468842709003667e+01 2.549434247797095570e-10
3.086664943337272859e+01 2.550621628351557097e-10
3.100926635931926612e+01 2.551809561919920328e-10
3.115254223555487911e+01 2.552998048759748108e-10
3.129648010670752001e+01 2.555686816798643309e-10
3.144108303147264749e+01 2.559259358097095768e-10
3.158635408267817368e+01 2.562836893376518911e-10
3.173229634734976301e+01 2.566419429617894213e-10
3.187891292677645794e+01 2.570006973811961811e-10
3.202620693657652140e+01 2.573599532959234981e-10
3.217418150676371624e+01 2.577197114070011511e-10
3.232283978181379069e+01 2.580799724164389730e-10
3.247218492073128715e+01 2.584407370272280913e-10
3.262222009711669557e+01 2.588020059433423757e-10
3.277294849923383424e+01 2.591637798697396274e-10
3.292437333007768530e+01 2.595260595123632848e-10
3.307649780744240786e+01 2.598888455781434062e-10
3.322932516398971359e+01 2.602521387749984788e-10
3.338285864731761166e+01 2.606697539709377232e-10
3.353710152002930300e+01 2.612773449287613578e-10
3.369205705980267140e+01 2.618863521106248869e-10
3.384772855945981007e+01 2.624967788175820728e-10
3.400411932703705986e+01 2.631086283583814218e-10
3.416123268585528194e+01 2.637219040494835554e-10
3.431907197459044312e+01 2.643366092150793047e-10
3.447764054734464167e+01 2.649527471871078565e-10
3.463694177371732508e+01 2.655703213052749518e-10
3.479697903887691268e+01 2.661893349170704628e-10
3.495775574363275240e+01 2.668097913777872632e-10
3.511927530450729762e+01 2.674316940505385476e-10
3.528154115380883127e+01 2.680550463062770112e-10
3.544455673970433907e+01 2.686798515238123243e-10
3.560832552629278069e+01 2.693061130898299505e-10
3.577285099367873755e+01 2.700208765842980801e-10
3.593813663804627367e+01 2.709024294368890788e-10
3.610418597173337218e+01 2.717868603463242593e-10
3.627100252330646413e+01 2.726741787087630598e-10
3.643858983763544757e+01 2.735643939510411183e-10
3.660695147596902643e+01 2.744575155307706198e-10
3.677609101601032648e+01 2.753535529364401270e-10
3.694601205199302285e+01 2.762525156875161682e-10
3.711671819475765233e+01 2.771544133345441017e-10
3.728821307182833777e+01 2.780592554592491351e-10
3.746050032748993175e+01 2.789670516746389993e-10
3.763358362286534486e+01 2.798778116251049161e-10
3.780746663599349233e+01 2.807915449865253059e-10
3.798215306190733997e+01 2.817082614663676864e-10
3.815764661271248315e+01 2.826279708037922247e-10
3.833395101766601698e+01 2.835900716496168805e-10
3.851107002325570505e+01 2.847810088248578229e-10
3.868900739327975202e+01 2.859769473435772281e-10
3.886776690892665442e+01 2.871779082089287021e-10
3.904735236885559857e+01 2.883839125122688949e-10
3.922776758927719243e+01 2.895949814335274575e-10
3.940901640403449591e+01 2.908111362415791691e-10
3.959110266468458406e+01 2.920323982946178235e-10
3.977403024058034475e+01 2.932587890405306829e-10
3.995780301895269560e+01 2.944903300172756208e-10
4.014242490499322003e+01 2.957270428532592985e-10
4.032789982193707345e+01 2.969689492677165308e-10
4.051423171114647204e+01 2.982160710710924955e-10
4.070142453219436618e+01 2.994684301654253038e-10
4.088948226294862565e+01 3.007260485447307950e-10
4.107840889965646625e+01 3.019889482953883124e-10
4.126820845702953733e+01 3.034886982269084778e-10
4.145888496832910874e+01 3.050471483498565870e-10
4.165044248545182626e+01 3.066136012972917553e-10
4.184288507901582221e+01 3.081880981646582867e-10
4.203621683844713885e+01 3.097706802584296137e-10
4.223044187206674138e+01 3.113613890971934556e-10
4.242556430717777260e+01 3.129602664127402322e-10
4.262158829015322681e+01 3.145673541511579415e-10
4.281851798652413521e+01 3.161826944739328782e-10
4.301635758106795038e+01 3.178063297590549539e-10
4.321511127789764117e+01 3.194383026021306169e-10
4.341478330055092272e+01 3.210786558174994944e-10
4.361537789208003346e+01 3.227274324393580137e-10
4.381689931514192438e+01 3.243846757228883491e-10
4.401935185208874657e+01 3.260504291453926412e-10
4.422273980505899260e+01 3.279019880002844052e-10
4.442706749606882966e+01 3.298928791334022596e-10
4.463233926710395139e+01 3.318958581697625734e-10
4.483855948021188453e+01 3.339109985023311807e-10
4.504573251759458685e+01 3.359383739696866065e-10
4.525386278170169163e+01 3.379780588587263948e-10
4.546295469532399380e+01 3.400301279073886878e-10
4.567301270168744765e+01 3.420946563073909696e-10
4.588404126454759080e+01 3.441717197069848357e-10
4.609604486828433778e+01 3.462613942137279269e-10
4.630902801799739166e+01 3.483637563972732862e-10
4.652299523960189020e+01 3.504788832921745347e-10
4.673795107992461340e+01 3.526068524007084704e-10
4.695390010680060300e+01 3.547477416957152445e-10
4.717084690917017298e+01 3.569016296234547712e-10
4.738879609717653807e+01 3.592934542290248545e-10
4.760775230226368393e+01 3.618117290120144093e-10
4.782772017727482705e+01 3.643476542915770206e-10
4.804870439655131520e+01 3.669013537794033260e-10
4.827070965603183339e+01 3.694729520542733002e-10
4.849374067335235594e+01 3.720625745681360325e-10
4.871780218794631168e+01 3.746703476522286918e-10
4.894289896114528915e+01 3.772963985232391260e-10
4.916903577628028899e+01 3.799408552895133867e-10
4.939621743878320359e+01 3.826038469573024942e-10
4.962444877628915663e+01 3.852855034370589876e-10
4.985373463873893485e+01 3.879859555497727668e-10
5.008407989848210207e+01 3.907053350333531009e-10
5.031548945038053944e+01 3.934437745490558218e-10
5.054796821191240497e+01 3.963227231714894136e-10
5.078152112327673251e+01 3.994723777009702608e-10
5.101615314749833630e+01 4.026470631536736832e-10
5.125186927053329811e+01 4.058469784552633552e-10
5.148867450137495183e+01 4.090723241123044892e-10
5.172657387216018776e+01 4.123233022248262791e-10
5.196557243827660244e+01 4.156001164989879486e-10
5.220567527846975509e+01 4.189029722598407003e-10
5.244688749495116298e+01 4.222320764641945618e-10
5.268921421350674450e+01 4.255876377135864066e-10
5.293266058360561033e+01 4.289698662673491488e-10
5.317723177850969307e+01 4.323789740557894545e-10
5.342293299538351903e+01 4.358151746934647144e-10
5.366976945540476152e+01 4.392786834925701862e-10
5.391774640387502870e+01 4.430816088310708760e-10
5.416686911033151830e+01 4.470189663913741047e-10
5.441714286865889960e+01 4.509913125051373763e-10
5.466857299720180663e+01 4.549989580912585575e-10
5.492116483887789258e+01 4.590422168315553496e-10
5.517492376129126086e+01 4.631214051953161635e-10
5.542985515684669195e+01 4.672368424640730418e-10
5.568596444286411895e+01 4.713888507565896479e-10
5.594325706169377810e+01 4.755777550540750234e-10
5.620173848083187806e+01 4.798038832256199090e-10
5.646141419303669551e+01 4.840675660538584720e-10
5.672228971644543805e+01 4.883691372608604037e-10
5.698437059469139143e+01 4.927613117011863750e-10
5.724766239702178439e+01 4.976033248511686424e-10
5.751217071841613659e+01 5.024929170029681682e-10
5.777790117970504014e+01 5.074305556814218403e-10
5.804485942768977935e+01 5.124167130054005932e-10
5.831305113526221362e+01 5.174518657329495846e-10
5.858248200152535645e+01 5.225364953068742220e-10
5.885315775191450172e+01 5.276710879007752458e-10
5.912508413831878329e+01 5.328561344655315231e-10
5.939826693920356604e+01 5.380921307762472006e-10
5.967271195973313525e+01 5.433795774796533928e-10
5.994842503189408944e+01 5.487189801419788819e-10
6.022541201461928040e+01 5.543722864698363218e-10
6.050367879391221493e+01 5.603412920146486417e-10
6.078323128297230227e+01 5.663745666942346878e-10
6.106407542232039276e+01 5.724728025035428281e-10
6.134621717992506262e+01 5.786366988883305323e-10
6.162966255132942450e+01 5.848669628253871393e-10
6.191441755977844252e+01 5.911643089036206147e-10
6.220048825634711420e+01 5.975294594060218442e-10
6.248788072006890815e+01 6.039631443925048068e-10
6.277660105806499757e+01 6.104661017836427925e-10
6.306665540567405515e+01 6.170390774453061425e-10
6.335804992658250967e+01 6.242523481267042444e-10
6.365079081295571228e+01 6.315616420679557752e-10
6.394488428556940107e+01 6.389565196326890440e-10
6.424033659394190465e+01 6.464379829090216337e-10
6.453715401646701366e+01 6.540070457183987806e-10
6.483534286054724305e+01 6.616647337529743219e-10
6.513490946272803228e+01 6.694120847146065071e-10
6.543586018883232214e+01 6.772501484554766343e-10
6.573820143409585626e+01 6.851799871203567743e-10
6.604193962330305112e+01 6.935458240958526733e-10
6.634708121092347710e+01 7.023202111848462873e-10
6.665363268124913532e+01 7.112056073320918415e-10
6.696160054853218924e+01 7.202034169674248584e-10
6.727099135712336420e+01 7.293150622888086901e-10
6.758181168161110008e+01 7.385419834871282952e-10
6.789406812696108773e+01 7.478856389738257935e-10
6.820776732865685688e+01 7.573475056114208135e-10
6.852291595284060577e+01 7.670130035740123486e-10
6.883952069645496863e+01 7.774405288444775282e-10
6.915758828738525210e+01 7.880098160964999227e-10
6.947712548460236803e+01 7.987227925811646051e-10
6.979813907830660469e+01 8.095814117504976912e-10
7.012063589007181008e+01 8.205876536136610651e-10
7.044462277299037112e+01 8.317435250979993452e-10
7.077010661181888906e+01 8.430510604149920323e-10
7.109709432312435240e+01 8.550442676573549939e-10
7.142559285543126180e+01 8.674760532993899597e-10
7.175560918936925248e+01 8.800885889915641936e-10
7.208715033782135606e+01 8.928845027216457026e-10
7.242022334607315770e+01 9.058664606866344004e-10
7.275483529196229426e+01 9.190371678482877153e-10
7.309099328602910361e+01 9.324843988057367179e-10
7.342870447166761494e+01 9.469235431669671902e-10
7.376797602527734909e+01 9.615862718478419918e-10
7.410881515641570161e+01 9.764760469612598977e-10
7.445122910795139148e+01 9.915963842295454629e-10
7.479522515621820844e+01 1.006950853814560956e-09
7.514081061116965543e+01 1.022842538164309306e-09
7.548799281653435855e+01 1.039648583305461192e-09
7.583677914997190328e+01 1.056730763963806900e-09
7.618717702322994967e+01 1.074093617246277645e-09
7.653919388230147547e+01 1.091741754807761837e-09
7.689283720758309926e+01 1.109913569285131207e-09
7.724811451403404305e+01 1.129201355002768497e-09
7.760503335133570602e+01 1.148824318781276320e-09
7.796360130405233235e+01 1.168788285256732010e-09
7.832382599179196347e+01 1.189099180284200674e-09
7.868571506936847015e+01 1.210604099267787374e-09
7.904927622696423839e+01 1.232789182044154276e-09
7.941451719029339529e+01 1.255380820438571362e-09
7.978144572076624286e+01 1.278386464838862774e-09
8.015006961565404708e+01 1.302778526571584918e-09
8.052039670825473650e+01 1.327888809420510273e-09
8.089243486805942496e+01 1.353483078067403375e-09
8.126619200091946027e+01 1.379960046125559500e-09
8.164167604921468069e+01 1.407868450441555361e-09
8.201889499202202671e+01 1.436341276193991392e-09
8.239785684528514764e+01 1.465671860732976507e-09
8.277856966198476130e+01 1.496706893960067518e-09
8.316104153230961060e+01 1.528399081979580365e-09
8.354528058382867073e+01 1.561419693588723952e-09
8.393129498166364044e+01 1.595967732961340136e-09
8.431909292866255612e+01 1.631280183740698657e-09
8.470868266557407367e+01 1.668917206581477432e-09
8.510007247122246099e+01 1.707433079339633010e-09
8.549327066268379838e+01 1.748124364921842665e-09
8.588828559546249153e+01 1.790134529229520775e-09
8.628512566366890724e+01 1.834537084421752255e-09
8.668379930019779067e+01 1.880412671687499969e-09
8.708431497690723688e+01 1.929191778650135645e-09
8.748668120479909760e+01 1.979978683377374237e-09
8.789090653419954435e+01 2.033233201342554464e-09
8.829699955494086794e+01 2.089731053311978133e-09
8.870496889654407369e+01 2.149114946836733705e-09
8.911482322840201675e+01 2.211775912979672242e-09
8.952657125996395848e+01 2.278115236316911197e-09
8.994022174092043542e+01 2.348548865482293376e-09
9.035578346138925099e+01 2.423511907097591218e-09
9.077326525210227715e+01 2.503463253135767834e-09
9.119267598459298085e+01 2.588890399601807520e-09
9.161402457138515842e+01 2.680447877326420996e-09
9.203731996618220990e+01 2.779299081251810207e-09
9.246257116405737975e+01 2.885977132667549767e-09
9.288978720164502079e+01 3.001779018526376215e-09
9.331897715733238385e+01 3.128190142916480779e-09
9.375015015145284281e+01 3.266786629160137186e-09
9.418331534647951742e+01 3.419271011237410159e-09
9.461848194721997629e+01 3.580581342506628394e-09
9.505565920101196298e+01 3.749501782155297664e-09
9.549485639791966207e+01 3.926391350892669887e-09
9.593608287093141485e+01 4.111626006883231849e-09
9.637934799615786119e+01 4.305599444801932853e-09
9.682466119303123264e+01 4.508723932586324993e-09
9.727203192450542701e+01 4.721431187663999792e-09
9.772146969725724830e+01 4.944173294517718335e-09
9.817298406188835713e+01 5.177423665538304932e-09
9.862658461312820180e+01 5.421678047207457728e-09
9.908228099003797240e+01 5.677455573749201370e-09
9.954008287621523721e+01 5.945299870489022327e-09
1.000000000000000000e+02 6.225780209266358508e-09
